###### TEST LOG ####################
# Time taken               : 24.99 s
# Test Parameters: 
# 0.50 0.98 0.00 0.00
# 1.00 1.00 0.00 1.00
# Confined Less Infective? : True
# Homes Quarantined?       : False
# Quarantine when sampled? : False
# Testing Started When     : 20.00% recovered
# Fraction Tested Daily    : 0.00%
# LQ Tests Done in total   : 0
# HQ Tests Done in total   : 0
# All Tests Done in total  : 0
# Results Given in total   : 0
# Locations Moved in total : 3982356
# Total recovered HCW      : 56
# Total HCW                : 72
# Rate Array: 
#     0 0.125 0.125     0     0     0     0 
#     0     0     0     0     0 0.143     0 
#     0     0     0 0.425 0.075     0     0 
#     0     0     0     0     0   0.1     0 
#     0     0     0     0     0   0.1   0.4 
#     0     0     0     0     0     0     0 
#     0     0     0     0     0   0.1     0 
###### END LOG #####################
#
# Day nS nA nP nMI nSI nR nH PCR_conducted_today RAT_conducted_today Tests_remaining_today Agents_currently_confined Quarantines_removed_today Locations_in_quarantine_today
0 9990 10 0 0 0 0 0 0 0 0 0 0 0 
1 9985 11 3 0 0 1 0 0 0 0 0 0 0 
2 9978 13 5 3 0 1 0 0 0 0 0 0 0 
3 9976 13 4 3 0 4 0 0 0 0 0 0 0 
4 9970 15 3 6 0 6 0 0 0 0 0 0 0 
5 9967 16 3 6 1 7 0 0 0 0 0 0 0 
6 9963 15 3 8 1 9 1 0 0 0 0 0 0 
7 9960 10 5 8 0 15 2 0 0 0 0 0 0 
8 9954 13 3 10 0 18 2 0 0 0 0 0 0 
9 9952 12 1 11 0 23 1 0 0 0 0 0 0 
10 9946 11 4 11 0 28 0 0 0 0 0 0 0 
11 9943 10 5 9 0 33 0 0 0 0 0 0 0 
12 9939 11 3 11 0 36 0 0 0 0 0 0 0 
13 9937 10 2 14 0 37 0 0 0 0 0 0 0 
14 9936 10 2 14 0 38 0 0 0 0 0 0 0 
15 9930 8 6 15 0 41 0 0 0 0 0 0 0 
16 9923 10 5 15 0 47 0 0 0 0 0 0 0 
17 9918 12 4 16 0 50 0 0 0 0 0 0 0 
18 9910 13 8 16 0 53 0 0 0 0 0 0 0 
19 9906 12 6 18 1 57 0 0 0 0 0 0 0 
20 9896 16 4 24 1 59 0 0 0 0 0 0 0 
21 9889 17 4 25 0 65 0 0 0 0 0 0 0 
22 9886 17 4 21 0 72 0 0 0 0 0 0 0 
23 9880 17 7 21 0 75 0 0 0 0 0 0 0 
24 9869 24 8 22 0 77 0 0 0 0 0 0 0 
25 9857 23 11 24 0 85 0 0 0 0 0 0 0 
26 9849 19 13 24 0 95 0 0 0 0 0 0 0 
27 9839 21 11 31 0 98 0 0 0 0 0 0 0 
28 9825 25 17 33 0 100 0 0 0 0 0 0 0 
29 9816 26 15 38 0 105 0 0 0 0 0 0 0 
30 9804 30 16 38 0 112 0 0 0 0 0 0 0 
31 9793 35 15 38 1 118 0 0 0 0 0 0 0 
32 9771 40 23 40 2 123 1 0 0 0 0 0 0 
33 9750 42 22 44 2 137 3 0 0 0 0 0 0 
34 9729 43 25 47 1 151 4 0 0 0 0 0 0 
35 9702 51 23 54 1 165 4 0 0 0 0 0 0 
36 9670 58 26 55 3 183 5 0 0 0 0 0 0 
37 9639 66 27 61 7 195 5 0 0 0 0 0 0 
38 9610 69 24 73 5 212 7 0 0 0 0 0 0 
39 9583 70 29 70 6 235 7 0 0 0 0 0 0 
40 9549 81 22 77 7 256 8 0 0 0 0 0 0 
41 9519 81 28 79 3 281 9 0 0 0 0 0 0 
42 9489 77 25 81 6 312 10 0 0 0 0 0 0 
43 9466 76 21 87 7 331 12 0 0 0 0 0 0 
44 9430 87 19 95 7 348 14 0 0 0 0 0 0 
45 9389 82 34 96 5 381 13 0 0 0 0 0 0 
46 9351 93 34 98 5 405 14 0 0 0 0 0 0 
47 9308 98 41 103 2 433 15 0 0 0 0 0 0 
48 9267 102 38 121 3 454 15 0 0 0 0 0 0 
49 9207 107 47 128 4 491 16 0 0 0 0 0 0 
50 9146 119 47 140 8 522 18 0 0 0 0 0 0 
51 9094 114 56 148 4 564 20 0 0 0 0 0 0 
52 9057 114 51 153 5 600 20 0 0 0 0 0 0 
53 9004 131 50 155 4 634 22 0 0 0 0 0 0 
54 8952 139 52 159 5 671 22 0 0 0 0 0 0 
55 8882 163 56 158 6 712 23 0 0 0 0 0 0 
56 8817 176 60 166 5 753 23 0 0 0 0 0 0 
57 8737 183 73 170 10 802 25 0 0 0 0 0 0 
58 8660 195 79 178 11 848 29 0 0 0 0 0 0 
59 8577 214 80 186 12 898 33 0 0 0 0 0 0 
60 8499 219 71 204 15 963 29 0 0 0 0 0 0 
61 8432 235 57 218 18 1011 29 0 0 0 0 0 0 
62 8346 239 76 220 13 1074 32 0 0 0 0 0 0 
63 8269 250 70 229 15 1133 34 0 0 0 0 0 0 
64 8184 248 80 243 15 1197 33 0 0 0 0 0 0 
65 8087 260 81 254 17 1265 36 0 0 0 0 0 0 
66 7996 265 92 264 20 1325 38 0 0 0 0 0 0 
67 7896 274 105 260 27 1399 39 0 0 0 0 0 0 
68 7808 278 108 274 15 1469 48 0 0 0 0 0 0 
69 7704 292 95 296 16 1544 53 0 0 0 0 0 0 
70 7605 310 101 296 16 1614 58 0 0 0 0 0 0 
71 7488 317 113 303 13 1708 58 0 0 0 0 0 0 
72 7371 329 122 318 14 1791 55 0 0 0 0 0 0 
73 7236 337 132 341 19 1877 58 0 0 0 0 0 0 
74 7128 344 125 362 18 1965 58 0 0 0 0 0 0 
75 7036 344 110 374 15 2060 61 0 0 0 0 0 0 
76 6936 353 101 392 14 2141 63 0 0 0 0 0 0 
77 6810 372 109 393 14 2237 65 0 0 0 0 0 0 
78 6701 372 103 401 12 2350 61 0 0 0 0 0 0 
79 6580 386 98 398 13 2460 65 0 0 0 0 0 0 
80 6477 399 100 383 11 2569 61 0 0 0 0 0 0 
81 6367 407 103 376 15 2670 62 0 0 0 0 0 0 
82 6264 406 110 376 14 2767 63 0 0 0 0 0 0 
83 6166 410 99 394 18 2851 62 0 0 0 0 0 0 
84 6076 398 93 398 13 2955 67 0 0 0 0 0 0 
85 5973 397 97 391 10 3065 67 0 0 0 0 0 0 
86 5863 395 112 382 9 3172 67 0 0 0 0 0 0 
87 5751 405 120 376 9 3277 62 0 0 0 0 0 0 
88 5666 393 114 386 13 3372 56 0 0 0 0 0 0 
89 5580 380 86 393 17 3488 56 0 0 0 0 0 0 
90 5490 360 98 391 12 3592 57 0 0 0 0 0 0 
91 5385 364 95 401 13 3686 56 0 0 0 0 0 0 
92 5281 344 103 394 18 3799 61 0 0 0 0 0 0 
93 5206 339 99 400 18 3874 64 0 0 0 0 0 0 
94 5127 328 92 405 15 3969 64 0 0 0 0 0 0 
95 5042 329 86 404 14 4061 64 0 0 0 0 0 0 
96 4972 321 80 392 16 4153 66 0 0 0 0 0 0 
97 4891 334 72 385 16 4238 64 0 0 0 0 0 0 
98 4810 334 74 378 10 4334 60 0 0 0 0 0 0 
99 4740 327 68 375 12 4423 55 0 0 0 0 0 0 
100 4674 312 72 368 13 4511 50 0 0 0 0 0 0 
101 4611 298 67 363 7 4609 45 0 0 0 0 0 0 
102 4554 280 60 355 10 4698 43 0 0 0 0 0 0 
103 4499 266 63 331 11 4793 37 0 0 0 0 0 0 
104 4434 273 56 322 10 4868 37 0 0 0 0 0 0 
105 4387 262 53 313 8 4937 40 0 0 0 0 0 0 
106 4343 246 47 300 8 5018 38 0 0 0 0 0 0 
107 4300 232 38 286 9 5098 37 0 0 0 0 0 0 
108 4260 220 36 270 5 5176 33 0 0 0 0 0 0 
109 4216 210 37 261 4 5239 33 0 0 0 0 0 0 
110 4180 198 34 260 5 5291 32 0 0 0 0 0 0 
111 4146 178 43 241 4 5361 27 0 0 0 0 0 0 
112 4107 171 44 237 3 5412 26 0 0 0 0 0 0 
113 4074 159 42 232 7 5463 23 0 0 0 0 0 0 
114 4039 152 35 232 5 5513 24 0 0 0 0 0 0 
115 4003 147 34 211 6 5578 21 0 0 0 0 0 0 
116 3969 144 31 207 9 5621 19 0 0 0 0 0 0 
117 3942 140 29 200 9 5660 20 0 0 0 0 0 0 
118 3913 136 25 197 8 5699 22 0 0 0 0 0 0 
119 3879 132 29 191 2 5744 23 0 0 0 0 0 0 
120 3848 128 27 187 4 5787 19 0 0 0 0 0 0 
121 3814 129 28 181 1 5828 19 0 0 0 0 0 0 
122 3792 124 23 174 3 5866 18 0 0 0 0 0 0 
123 3769 121 27 166 1 5897 19 0 0 0 0 0 0 
124 3750 118 28 154 2 5930 18 0 0 0 0 0 0 
125 3726 119 23 149 1 5967 15 0 0 0 0 0 0 
126 3713 113 20 146 2 5993 13 0 0 0 0 0 0 
127 3700 98 14 148 4 6023 13 0 0 0 0 0 0 
128 3681 98 13 141 4 6049 14 0 0 0 0 0 0 
129 3651 104 19 129 3 6077 17 0 0 0 0 0 0 
130 3632 101 17 124 6 6104 16 0 0 0 0 0 0 
131 3620 91 17 117 5 6135 15 0 0 0 0 0 0 
132 3607 77 17 109 5 6170 15 0 0 0 0 0 0 
133 3588 74 15 108 6 6193 16 0 0 0 0 0 0 
134 3576 70 16 97 4 6221 16 0 0 0 0 0 0 
135 3564 64 15 96 1 6241 19 0 0 0 0 0 0 
136 3544 66 17 90 1 6263 19 0 0 0 0 0 0 
137 3536 60 14 89 1 6280 20 0 0 0 0 0 0 
138 3526 51 10 87 2 6307 17 0 0 0 0 0 0 
139 3515 37 11 84 2 6336 15 0 0 0 0 0 0 
140 3507 34 5 83 3 6352 16 0 0 0 0 0 0 
141 3497 33 7 79 3 6367 14 0 0 0 0 0 0 
142 3491 35 4 73 2 6381 14 0 0 0 0 0 0 
143 3480 34 6 71 2 6397 10 0 0 0 0 0 0 
144 3470 39 6 65 2 6409 9 0 0 0 0 0 0 
145 3461 39 9 60 2 6419 10 0 0 0 0 0 0 
146 3444 42 7 57 3 6438 9 0 0 0 0 0 0 
147 3435 40 6 56 3 6450 10 0 0 0 0 0 0 
148 3427 37 10 54 2 6460 10 0 0 0 0 0 0 
149 3416 37 11 53 1 6474 8 0 0 0 0 0 0 
150 3412 34 8 52 2 6486 6 0 0 0 0 0 0 
151 3408 33 5 50 3 6495 6 0 0 0 0 0 0 
152 3406 28 6 44 3 6507 6 0 0 0 0 0 0 
153 3403 25 3 43 1 6520 5 0 0 0 0 0 0 
154 3398 26 2 42 2 6526 4 0 0 0 0 0 0 
155 3393 28 2 42 1 6529 5 0 0 0 0 0 0 
156 3389 28 1 42 0 6535 5 0 0 0 0 0 0 
157 3385 27 2 38 1 6544 3 0 0 0 0 0 0 
158 3381 23 3 37 2 6551 3 0 0 0 0 0 0 
159 3376 25 2 32 0 6560 5 0 0 0 0 0 0 
160 3368 25 3 33 0 6566 5 0 0 0 0 0 0 
161 3364 25 3 29 1 6573 5 0 0 0 0 0 0 
162 3362 20 2 30 1 6580 5 0 0 0 0 0 0 
163 3358 19 2 31 0 6585 5 0 0 0 0 0 0 
164 3356 17 1 30 0 6591 5 0 0 0 0 0 0 
165 3354 15 0 29 0 6599 3 0 0 0 0 0 0 
166 3352 16 0 28 0 6601 3 0 0 0 0 0 0 
167 3351 15 0 26 0 6605 3 0 0 0 0 0 0 
168 3351 11 0 26 0 6609 3 0 0 0 0 0 0 
169 3350 11 1 26 0 6609 3 0 0 0 0 0 0 
170 3347 10 3 24 0 6613 3 0 0 0 0 0 0 
171 3346 9 4 21 0 6617 3 0 0 0 0 0 0 
172 3344 7 3 23 0 6620 3 0 0 0 0 0 0 
173 3343 6 2 23 0 6623 3 0 0 0 0 0 0 
174 3343 6 2 22 0 6624 3 0 0 0 0 0 0 
175 3339 6 2 24 0 6626 3 0 0 0 0 0 0 
176 3338 7 2 20 0 6630 3 0 0 0 0 0 0 
177 3338 6 1 15 0 6638 2 0 0 0 0 0 0 
178 3337 6 2 15 0 6638 2 0 0 0 0 0 0 
179 3336 5 2 12 0 6642 3 0 0 0 0 0 0 
180 3335 5 2 12 0 6643 3 0 0 0 0 0 0 
181 3331 6 3 12 0 6645 3 0 0 0 0 0 0 
182 3331 5 3 10 0 6649 2 0 0 0 0 0 0 
183 3329 4 2 12 0 6652 1 0 0 0 0 0 0 
184 3329 4 0 12 0 6654 1 0 0 0 0 0 0 
185 3328 4 0 10 0 6657 1 0 0 0 0 0 0 
186 3326 5 1 9 0 6658 1 0 0 0 0 0 0 
187 3323 7 0 8 0 6661 1 0 0 0 0 0 0 
188 3322 6 1 8 0 6662 1 0 0 0 0 0 0 
189 3322 6 0 9 0 6662 1 0 0 0 0 0 0 
190 3321 5 1 8 0 6664 1 0 0 0 0 0 0 
191 3321 5 0 8 0 6665 1 0 0 0 0 0 0 
192 3321 5 0 7 0 6666 1 0 0 0 0 0 0 
193 3321 3 0 6 0 6669 1 0 0 0 0 0 0 
194 3321 3 0 5 0 6670 1 0 0 0 0 0 0 
195 3321 3 0 2 0 6673 1 0 0 0 0 0 0 
196 3321 3 0 2 0 6673 1 0 0 0 0 0 0 
197 3321 3 0 2 0 6673 1 0 0 0 0 0 0 
198 3321 3 0 2 0 6673 1 0 0 0 0 0 0 
199 3321 1 0 2 0 6675 1 0 0 0 0 0 0 
