###### TEST LOG ####################
# Time taken               : 24.94 s
# Test Parameters: 
# 0.75 0.98 0.00 0.50
# 1.00 1.00 0.00 0.50
# Confined Less Infective? : True
# Homes Quarantined?       : False
# Quarantine when sampled? : False
# Testing Started When     : 20.00% recovered
# Fraction Tested Daily    : 0.50%
# LQ Tests Done in total   : 3150
# HQ Tests Done in total   : 3150
# All Tests Done in total  : 6300
# Results Given in total   : 6300
# Locations Moved in total : 3949820
# Total recovered HCW      : 51
# Total HCW                : 63
# Rate Array: 
#     0 0.125 0.125     0     0     0     0 
#     0     0     0     0     0 0.143     0 
#     0     0     0 0.425 0.075     0     0 
#     0     0     0     0     0   0.1     0 
#     0     0     0     0     0   0.1   0.4 
#     0     0     0     0     0     0     0 
#     0     0     0     0     0   0.1     0 
###### END LOG #####################
#
# Day nS nA nP nMI nSI nR nH PCR_conducted_today RAT_conducted_today Tests_remaining_today Agents_currently_confined Quarantines_removed_today Locations_in_quarantine_today
0 9990 10 0 0 0 0 0 0 0 50 0 0 0 
1 9989 9 1 0 0 1 0 0 0 50 0 0 0 
2 9987 6 2 1 0 4 0 0 0 50 0 0 0 
3 9985 5 2 1 0 7 0 0 0 50 0 0 0 
4 9985 3 2 1 0 9 0 0 0 50 0 0 0 
5 9981 5 2 1 0 11 0 0 0 50 0 0 0 
6 9979 7 2 1 0 11 0 0 0 50 0 0 0 
7 9977 8 1 3 0 11 0 0 0 50 0 0 0 
8 9975 8 1 4 0 12 0 0 0 50 0 0 0 
9 9973 9 1 4 0 13 0 0 0 50 0 0 0 
10 9969 9 2 4 0 16 0 0 0 50 0 0 0 
11 9966 9 1 6 0 18 0 0 0 50 0 0 0 
12 9963 10 2 6 0 19 0 0 0 50 0 0 0 
13 9961 8 2 6 0 23 0 0 0 50 0 0 0 
14 9957 8 4 7 1 23 0 0 0 50 0 0 0 
15 9949 6 7 11 0 26 1 0 0 50 0 0 0 
16 9949 4 5 13 0 28 1 0 0 50 0 0 0 
17 9945 3 4 15 0 32 1 0 0 50 0 0 0 
18 9940 5 6 14 0 34 1 0 0 50 0 0 0 
19 9932 10 7 14 0 36 1 0 0 50 0 0 0 
20 9924 10 8 13 1 43 1 0 0 50 0 0 0 
21 9915 14 9 12 3 46 1 0 0 50 0 0 0 
22 9907 16 5 19 2 48 3 0 0 50 0 0 0 
23 9899 20 7 20 2 49 3 0 0 50 0 0 0 
24 9887 25 8 24 1 52 3 0 0 50 0 0 0 
25 9869 32 15 25 1 55 3 0 0 50 0 0 0 
26 9854 33 15 30 2 63 3 0 0 50 0 0 0 
27 9839 35 12 36 3 72 3 0 0 50 0 0 0 
28 9825 35 12 36 2 86 4 0 0 50 0 0 0 
29 9812 40 15 35 1 94 3 0 0 50 0 0 0 
30 9799 41 14 39 1 103 3 0 0 50 0 0 0 
31 9778 47 18 44 1 108 4 0 0 50 0 0 0 
32 9766 43 18 46 1 121 5 0 0 50 0 0 0 
33 9733 46 24 52 4 136 5 0 0 50 0 0 0 
34 9709 49 22 57 4 154 5 0 0 50 0 0 0 
35 9694 53 20 57 6 164 6 0 0 50 0 0 0 
36 9674 53 22 55 6 181 9 0 0 50 0 0 0 
37 9656 56 22 54 3 200 9 0 0 50 0 0 0 
38 9634 61 20 59 3 214 9 0 0 50 0 0 0 
39 9606 66 23 57 4 235 9 0 0 50 0 0 0 
40 9580 74 25 57 3 252 9 0 0 50 0 0 0 
41 9550 75 26 60 3 278 8 0 0 50 0 0 0 
42 9526 79 21 69 5 293 7 0 0 50 0 0 0 
43 9491 89 27 74 5 306 8 0 0 50 0 0 0 
44 9447 103 27 83 2 328 10 0 0 50 0 0 0 
45 9407 110 32 85 2 354 10 0 0 50 0 0 0 
46 9363 111 33 94 3 385 11 0 0 50 0 0 0 
47 9315 127 37 98 4 407 12 0 0 50 0 0 0 
48 9269 142 39 104 3 430 13 0 0 50 0 0 0 
49 9202 155 56 99 5 469 14 0 0 50 0 0 0 
50 9157 158 49 119 3 497 17 0 0 50 0 0 0 
51 9107 159 46 128 5 538 17 0 0 50 0 0 0 
52 9047 170 49 138 7 572 17 0 0 50 0 0 0 
53 8984 173 57 140 7 621 18 0 0 50 0 0 0 
54 8927 183 65 144 7 655 19 0 0 50 0 0 0 
55 8860 202 72 157 7 681 21 0 0 50 0 0 0 
56 8794 207 69 169 10 732 19 0 0 50 0 0 0 
57 8705 213 93 181 15 775 18 0 0 50 0 0 0 
58 8619 233 83 214 15 818 18 0 0 50 0 0 0 
59 8523 254 81 220 22 880 20 0 0 50 0 0 0 
60 8425 271 86 235 20 942 21 0 0 50 0 0 0 
61 8316 284 85 254 22 1011 28 0 0 50 0 0 0 
62 8217 296 70 277 20 1086 34 0 0 50 0 0 0 
63 8138 288 82 268 19 1170 35 0 0 50 0 0 0 
64 8050 289 82 281 16 1245 37 0 0 50 0 0 0 
65 7946 306 88 297 18 1305 40 0 0 50 0 0 0 
66 7848 307 96 302 10 1389 48 0 0 50 0 0 0 
67 7759 313 80 316 16 1469 47 0 0 50 0 0 0 
68 7646 331 94 325 14 1543 47 0 0 50 0 0 0 
69 7531 340 98 341 16 1629 45 0 0 50 0 0 0 
70 7419 343 100 359 17 1717 45 0 0 50 0 0 0 
71 7330 349 95 352 15 1811 48 0 0 50 0 0 0 
72 7234 350 97 354 14 1901 50 0 0 50 0 0 0 
73 7104 358 117 365 19 1989 48 0 0 50 0 0 0 
74 6995 365 118 376 18 2077 51 25 25 0 42 0 0 
75 6889 370 109 386 18 2173 55 50 50 0 86 0 0 
76 6788 377 114 390 15 2260 56 75 75 0 130 0 0 
77 6692 369 95 409 19 2362 54 100 100 0 170 0 0 
78 6600 363 88 412 22 2464 51 125 125 0 211 0 0 
79 6500 365 95 403 15 2573 49 150 150 0 251 0 0 
80 6417 366 80 417 12 2661 47 175 175 0 293 0 0 
81 6323 365 81 412 9 2757 53 200 200 0 337 0 0 
82 6255 342 84 404 7 2857 51 225 225 0 379 0 0 
83 6186 331 62 397 13 2961 50 250 250 0 419 0 0 
84 6121 313 57 379 14 3068 48 275 275 0 462 0 0 
85 6059 289 58 363 10 3172 49 300 300 0 503 0 0 
86 6011 277 56 358 9 3239 50 325 325 0 548 0 0 
87 5957 257 62 340 10 3329 45 350 350 0 587 0 0 
88 5904 248 55 327 13 3409 44 375 375 0 588 0 0 
89 5861 241 48 312 11 3483 44 400 400 0 570 0 0 
90 5820 229 42 303 11 3553 42 425 425 0 557 0 0 
91 5768 220 46 299 3 3619 45 450 450 0 544 0 0 
92 5739 202 47 280 4 3685 43 475 475 0 532 0 0 
93 5711 191 36 276 5 3739 42 500 500 0 517 0 0 
94 5674 182 38 263 6 3803 34 525 525 0 501 0 0 
95 5642 179 39 245 3 3857 35 550 550 0 479 0 0 
96 5610 176 38 235 4 3905 32 575 575 0 465 0 0 
97 5592 155 34 226 3 3960 30 600 600 0 449 0 0 
98 5575 148 31 214 3 4001 28 625 625 0 427 0 0 
99 5550 135 34 203 3 4050 25 650 650 0 402 0 0 
100 5519 132 32 200 6 4090 21 675 675 0 389 0 0 
101 5500 127 25 190 3 4131 24 700 700 0 370 0 0 
102 5490 115 20 183 2 4169 21 725 725 0 346 0 0 
103 5474 113 16 171 2 4204 20 750 750 0 336 0 0 
104 5458 112 14 169 1 4226 20 775 775 0 319 0 0 
105 5447 104 17 157 2 4254 19 800 800 0 296 0 0 
106 5438 104 13 149 1 4276 19 825 825 0 284 0 0 
107 5416 96 18 141 2 4307 20 850 850 0 267 0 0 
108 5406 79 14 132 5 4346 18 875 875 0 258 0 0 
109 5396 76 12 121 4 4371 20 900 900 0 247 0 0 
110 5392 67 11 113 3 4393 21 925 925 0 227 0 0 
111 5384 59 11 100 4 4425 17 950 950 0 211 0 0 
112 5373 56 11 97 2 4441 20 975 975 0 202 0 0 
113 5366 53 9 95 3 4454 20 1000 1000 0 197 0 0 
114 5354 51 8 86 3 4478 20 1025 1025 0 172 0 0 
115 5345 50 9 73 3 4500 20 1050 1050 0 154 0 0 
116 5334 55 9 69 2 4516 15 1075 1075 0 146 0 0 
117 5329 51 10 65 2 4528 15 1100 1100 0 136 0 0 
118 5321 46 7 63 2 4546 15 1125 1125 0 132 0 0 
119 5316 43 6 64 3 4555 13 1150 1150 0 127 0 0 
120 5310 41 3 62 3 4569 12 1175 1175 0 120 0 0 
121 5306 40 3 59 1 4582 9 1200 1200 0 115 0 0 
122 5302 36 6 57 1 4589 9 1225 1225 0 106 0 0 
123 5298 28 7 50 0 4608 9 1250 1250 0 97 0 0 
124 5297 23 5 47 1 4619 8 1275 1275 0 92 0 0 
125 5295 16 5 46 1 4630 7 1300 1300 0 86 0 0 
126 5294 15 4 43 1 4638 5 1325 1325 0 78 0 0 
127 5292 14 3 40 1 4646 4 1350 1350 0 71 0 0 
128 5288 16 5 40 0 4647 4 1375 1375 0 73 0 0 
129 5286 13 4 39 1 4653 4 1400 1400 0 72 0 0 
130 5283 16 1 38 1 4657 4 1425 1425 0 67 0 0 
131 5281 15 2 35 0 4662 5 1450 1450 0 64 0 0 
132 5281 13 2 33 0 4666 5 1475 1475 0 60 0 0 
133 5281 10 1 33 0 4671 4 1500 1500 0 59 0 0 
134 5281 9 0 33 0 4673 4 1525 1525 0 52 0 0 
135 5280 10 0 31 0 4675 4 1550 1550 0 47 0 0 
136 5280 7 0 28 0 4681 4 1575 1575 0 43 0 0 
137 5280 5 0 24 0 4687 4 1600 1600 0 44 0 0 
138 5280 5 0 23 0 4688 4 1625 1625 0 41 0 0 
139 5279 4 0 20 0 4693 4 1650 1650 0 39 0 0 
140 5279 3 0 17 0 4697 4 1675 1675 0 36 0 0 
141 5279 2 0 15 0 4700 4 1700 1700 0 36 0 0 
142 5279 2 0 15 0 4700 4 1725 1725 0 30 0 0 
143 5278 3 0 13 0 4702 4 1750 1750 0 31 0 0 
144 5278 2 0 10 0 4706 4 1775 1775 0 29 0 0 
145 5278 2 0 7 0 4709 4 1800 1800 0 25 0 0 
146 5278 2 0 7 0 4709 4 1825 1825 0 26 0 0 
147 5277 1 0 7 0 4711 4 1850 1850 0 22 0 0 
148 5277 1 0 7 0 4711 4 1875 1875 0 21 0 0 
149 5277 1 0 6 0 4712 4 1900 1900 0 21 0 0 
150 5277 1 0 5 0 4714 3 1925 1925 0 19 0 0 
151 5277 1 0 4 0 4715 3 1950 1950 0 17 0 0 
152 5276 2 0 3 0 4716 3 1975 1975 0 19 0 0 
153 5276 2 0 3 0 4716 3 2000 2000 0 19 0 0 
154 5276 2 0 3 0 4716 3 2025 2025 0 20 0 0 
155 5275 2 1 2 0 4717 3 2050 2050 0 17 0 0 
156 5274 1 1 2 1 4718 3 2075 2075 0 18 0 0 
157 5274 1 0 2 1 4718 4 2100 2100 0 14 0 0 
158 5274 1 0 2 1 4718 4 2125 2125 0 13 0 0 
159 5274 1 0 2 0 4718 5 2150 2150 0 12 0 0 
160 5273 2 0 1 0 4719 5 2175 2175 0 8 0 0 
161 5272 2 0 1 0 4720 5 2200 2200 0 8 0 0 
162 5272 2 0 1 0 4720 5 2225 2225 0 9 0 0 
163 5272 2 0 1 0 4722 3 2250 2250 0 8 0 0 
164 5272 2 0 1 0 4722 3 2275 2275 0 8 0 0 
165 5272 2 0 1 0 4722 3 2300 2300 0 9 0 0 
166 5272 2 0 1 0 4722 3 2325 2325 0 7 0 0 
167 5272 2 0 1 0 4722 3 2350 2350 0 7 0 0 
168 5271 3 0 1 0 4722 3 2375 2375 0 7 0 0 
169 5270 3 0 0 1 4724 2 2400 2400 0 8 0 0 
170 5270 2 0 0 1 4725 2 2425 2425 0 9 0 0 
171 5269 3 0 0 0 4726 2 2450 2450 0 7 0 0 
172 5268 3 1 0 0 4727 1 2475 2475 0 6 0 0 
173 5268 3 0 0 0 4728 1 2500 2500 0 5 0 0 
174 5267 1 0 1 0 4730 1 2525 2525 0 6 0 0 
175 5267 1 0 1 0 4730 1 2550 2550 0 6 0 0 
176 5267 1 0 1 0 4731 0 2575 2575 0 5 0 0 
177 5267 1 0 1 0 4731 0 2600 2600 0 5 0 0 
178 5266 1 1 1 0 4731 0 2625 2625 0 6 0 0 
179 5266 0 1 0 0 4733 0 2650 2650 0 4 0 0 
180 5265 0 1 1 0 4733 0 2675 2675 0 5 0 0 
181 5265 0 1 1 0 4733 0 2700 2700 0 5 0 0 
182 5265 0 1 1 0 4733 0 2725 2725 0 4 0 0 
183 5264 1 1 0 0 4734 0 2750 2750 0 4 0 0 
184 5264 1 1 0 0 4734 0 2775 2775 0 3 0 0 
185 5264 1 0 0 0 4735 0 2800 2800 0 3 0 0 
186 5264 1 0 0 0 4735 0 2825 2825 0 4 0 0 
187 5264 1 0 0 0 4735 0 2850 2850 0 4 0 0 
188 5264 1 0 0 0 4735 0 2875 2875 0 3 0 0 
189 5264 1 0 0 0 4735 0 2900 2900 0 5 0 0 
190 5264 1 0 0 0 4735 0 2925 2925 0 5 0 0 
191 5264 0 0 0 0 4736 0 2950 2950 0 6 0 0 
192 5264 0 0 0 0 4736 0 2975 2975 0 5 0 0 
193 5264 0 0 0 0 4736 0 3000 3000 0 7 0 0 
194 5264 0 0 0 0 4736 0 3025 3025 0 7 0 0 
195 5264 0 0 0 0 4736 0 3050 3050 0 8 0 0 
196 5264 0 0 0 0 4736 0 3075 3075 0 9 0 0 
197 5264 0 0 0 0 4736 0 3100 3100 0 9 0 0 
198 5264 0 0 0 0 4736 0 3125 3125 0 9 0 0 
199 5264 0 0 0 0 4736 0 3150 3150 0 9 0 0 
