###### TEST LOG ####################
# Time taken               : 26.26 s
# Test Parameters: 
# 0.75 0.98 0.00 0.20
# 1.00 1.00 0.00 0.80
# Confined Less Infective? : True
# Homes Quarantined?       : False
# Quarantine when sampled? : False
# Testing Started When     : 20.00% recovered
# Fraction Tested Daily    : 0.50%
# LQ Tests Done in total   : 1070
# HQ Tests Done in total   : 4280
# All Tests Done in total  : 5350
# Results Given in total   : 5350
# Locations Moved in total : 3951735
# Total recovered HCW      : 43
# Total HCW                : 69
# Rate Array: 
#     0 0.125 0.125     0     0     0     0 
#     0     0     0     0     0 0.143     0 
#     0     0     0 0.425 0.075     0     0 
#     0     0     0     0     0   0.1     0 
#     0     0     0     0     0   0.1   0.4 
#     0     0     0     0     0     0     0 
#     0     0     0     0     0   0.1     0 
###### END LOG #####################
#
# Day nS nA nP nMI nSI nR nH PCR_conducted_today RAT_conducted_today Tests_remaining_today Agents_currently_confined Quarantines_removed_today Locations_in_quarantine_today
0 9990 10 0 0 0 0 0 0 0 50 0 0 0 
1 9987 10 1 1 0 1 0 0 0 50 0 0 0 
2 9986 8 2 1 0 3 0 0 0 50 0 0 0 
3 9986 6 1 2 0 5 0 0 0 50 0 0 0 
4 9983 7 2 2 0 6 0 0 0 50 0 0 0 
5 9981 6 2 2 1 8 0 0 0 50 0 0 0 
6 9978 7 1 5 1 8 0 0 0 50 0 0 0 
7 9976 8 1 6 1 8 0 0 0 50 0 0 0 
8 9972 10 1 6 0 10 1 0 0 50 0 0 0 
9 9969 7 3 5 0 15 1 0 0 50 0 0 0 
10 9968 6 2 5 0 18 1 0 0 50 0 0 0 
11 9965 6 3 6 0 19 1 0 0 50 0 0 0 
12 9964 7 2 6 1 19 1 0 0 50 0 0 0 
13 9962 6 2 7 1 21 1 0 0 50 0 0 0 
14 9956 10 4 6 1 22 1 0 0 50 0 0 0 
15 9950 15 5 6 1 22 1 0 0 50 0 0 0 
16 9941 15 10 4 2 28 0 0 0 50 0 0 0 
17 9936 16 8 5 3 31 1 0 0 50 0 0 0 
18 9932 17 7 5 3 34 2 0 0 50 0 0 0 
19 9926 13 5 11 2 40 3 0 0 50 0 0 0 
20 9920 11 8 9 1 47 4 0 0 50 0 0 0 
21 9912 13 10 9 0 51 5 0 0 50 0 0 0 
22 9909 12 6 14 0 54 5 0 0 50 0 0 0 
23 9901 13 8 15 1 58 4 0 0 50 0 0 0 
24 9896 10 9 16 1 64 4 0 0 50 0 0 0 
25 9890 11 10 17 1 68 3 0 0 50 0 0 0 
26 9883 13 10 14 3 74 3 0 0 50 0 0 0 
27 9877 14 10 14 4 79 2 0 0 50 0 0 0 
28 9873 14 7 16 3 83 4 0 0 50 0 0 0 
29 9869 12 5 17 3 89 5 0 0 50 0 0 0 
30 9861 15 8 16 3 91 6 0 0 50 0 0 0 
31 9854 15 8 16 3 96 8 0 0 50 0 0 0 
32 9848 17 8 17 3 101 6 0 0 50 0 0 0 
33 9841 15 9 17 1 111 6 0 0 50 0 0 0 
34 9833 18 6 23 1 112 7 0 0 50 0 0 0 
35 9829 18 2 24 1 119 7 0 0 50 0 0 0 
36 9823 21 4 19 1 127 5 0 0 50 0 0 0 
37 9817 21 5 17 1 132 7 0 0 50 0 0 0 
38 9809 21 8 17 1 137 7 0 0 50 0 0 0 
39 9801 16 8 20 3 145 7 0 0 50 0 0 0 
40 9793 17 8 22 2 151 7 0 0 50 0 0 0 
41 9783 19 9 25 2 156 6 0 0 50 0 0 0 
42 9777 22 6 28 2 160 5 0 0 50 0 0 0 
43 9767 23 7 30 2 165 6 0 0 50 0 0 0 
44 9761 22 6 34 1 171 5 0 0 50 0 0 0 
45 9754 18 4 38 1 180 5 0 0 50 0 0 0 
46 9741 25 7 38 2 183 4 0 0 50 0 0 0 
47 9730 25 10 37 3 191 4 0 0 50 0 0 0 
48 9716 26 14 40 3 197 4 0 0 50 0 0 0 
49 9696 31 16 47 0 205 5 0 0 50 0 0 0 
50 9672 37 23 49 2 212 5 0 0 50 0 0 0 
51 9651 46 23 52 1 220 7 0 0 50 0 0 0 
52 9630 49 22 58 1 234 6 0 0 50 0 0 0 
53 9612 48 18 65 1 250 6 0 0 50 0 0 0 
54 9590 53 21 66 0 263 7 0 0 50 0 0 0 
55 9565 56 25 68 2 279 5 0 0 50 0 0 0 
56 9540 62 28 71 3 290 6 0 0 50 0 0 0 
57 9509 69 27 80 5 301 9 0 0 50 0 0 0 
58 9485 67 27 81 3 328 9 0 0 50 0 0 0 
59 9458 74 27 80 3 349 9 0 0 50 0 0 0 
60 9437 76 21 82 3 368 13 0 0 50 0 0 0 
61 9395 89 27 81 4 392 12 0 0 50 0 0 0 
62 9358 96 27 83 4 421 11 0 0 50 0 0 0 
63 9324 112 24 84 6 438 12 0 0 50 0 0 0 
64 9282 111 35 85 5 470 12 0 0 50 0 0 0 
65 9245 113 38 90 4 496 14 0 0 50 0 0 0 
66 9195 126 35 103 6 521 14 0 0 50 0 0 0 
67 9158 135 37 95 9 553 13 0 0 50 0 0 0 
68 9119 137 45 97 7 580 15 0 0 50 0 0 0 
69 9080 134 41 105 6 615 19 0 0 50 0 0 0 
70 9027 142 47 113 7 646 18 0 0 50 0 0 0 
71 8959 153 65 119 8 677 19 0 0 50 0 0 0 
72 8892 165 66 131 10 716 20 0 0 50 0 0 0 
73 8832 178 62 139 9 755 25 0 0 50 0 0 0 
74 8775 173 57 154 9 806 26 0 0 50 0 0 0 
75 8708 181 69 162 9 845 26 0 0 50 0 0 0 
76 8636 200 61 175 9 893 26 0 0 50 0 0 0 
77 8566 205 70 174 10 948 27 0 0 50 0 0 0 
78 8495 210 70 183 11 1003 28 0 0 50 0 0 0 
79 8415 221 79 193 9 1056 27 0 0 50 0 0 0 
80 8330 214 80 210 11 1128 27 0 0 50 0 0 0 
81 8249 213 85 223 10 1190 30 0 0 50 0 0 0 
82 8167 226 78 230 11 1256 32 0 0 50 0 0 0 
83 8086 232 85 234 7 1318 38 0 0 50 0 0 0 
84 8012 242 72 242 9 1385 38 0 0 50 0 0 0 
85 7930 250 81 240 7 1452 40 0 0 50 0 0 0 
86 7831 260 86 260 9 1519 35 0 0 50 0 0 0 
87 7759 263 84 261 9 1585 39 0 0 50 0 0 0 
88 7676 274 92 262 6 1645 45 0 0 50 0 0 0 
89 7585 288 100 270 9 1702 46 0 0 50 0 0 0 
90 7509 282 98 278 12 1775 46 0 0 50 0 0 0 
91 7420 290 88 291 12 1854 45 0 0 50 0 0 0 
92 7321 300 100 292 13 1926 48 0 0 50 0 0 0 
93 7215 297 102 298 13 2023 52 40 10 0 48 0 0 
94 7119 309 104 318 12 2086 52 80 20 0 95 0 0 
95 7026 308 102 339 15 2161 49 120 30 0 143 0 0 
96 6927 311 106 349 13 2244 50 160 40 0 190 0 0 
97 6842 300 101 366 11 2334 46 200 50 0 237 0 0 
98 6767 293 99 367 12 2416 46 240 60 0 282 0 0 
99 6694 289 90 371 14 2499 43 280 70 0 328 0 0 
100 6625 278 88 377 15 2574 43 320 80 0 374 0 0 
101 6565 271 75 386 14 2643 46 360 90 0 420 0 0 
102 6510 268 69 369 13 2728 43 400 100 0 465 0 0 
103 6456 260 71 347 11 2814 41 440 110 0 513 0 0 
104 6409 246 61 325 11 2907 41 480 120 0 559 0 0 
105 6372 236 58 315 11 2970 38 520 130 0 599 0 0 
106 6335 215 54 310 9 3038 39 560 140 0 622 0 0 
107 6296 199 49 301 7 3107 41 600 150 0 597 0 0 
108 6256 189 56 285 4 3172 38 640 160 0 576 0 0 
109 6214 184 51 285 4 3227 35 680 170 0 564 0 0 
110 6186 169 38 279 9 3288 31 720 180 0 551 0 0 
111 6157 153 38 269 9 3346 28 760 190 0 522 0 0 
112 6131 150 29 264 10 3389 27 800 200 0 507 0 0 
113 6110 138 25 258 7 3438 24 840 210 0 483 0 0 
114 6085 124 30 247 4 3483 27 880 220 0 447 0 0 
115 6060 121 29 241 5 3523 21 920 230 0 427 0 0 
116 6042 112 14 236 6 3570 20 960 240 0 412 0 0 
117 6029 101 13 217 2 3617 21 1000 250 0 382 0 0 
118 6015 92 10 202 1 3660 20 1040 260 0 353 0 0 
119 6003 86 13 187 1 3691 19 1080 270 0 329 0 0 
120 5987 83 14 177 0 3721 18 1120 280 0 320 0 0 
121 5975 66 20 159 0 3766 14 1160 290 0 306 0 0 
122 5965 55 17 156 0 3792 15 1200 300 0 291 0 0 
123 5952 52 20 143 1 3817 15 1240 310 0 269 0 0 
124 5939 53 17 130 2 3844 15 1280 320 0 257 0 0 
125 5922 49 16 118 3 3877 15 1320 330 0 254 0 0 
126 5912 47 10 116 6 3895 14 1360 340 0 240 0 0 
127 5902 49 9 109 6 3912 13 1400 350 0 226 0 0 
128 5895 45 7 97 2 3939 15 1440 360 0 213 0 0 
129 5894 42 4 83 1 3960 16 1480 370 0 192 0 0 
130 5887 38 7 79 1 3973 15 1520 380 0 173 0 0 
131 5880 37 10 72 2 3985 14 1560 390 0 159 0 0 
132 5870 39 10 68 1 3999 13 1600 400 0 147 0 0 
133 5868 36 6 62 2 4016 10 1640 410 0 139 0 0 
134 5863 38 7 58 2 4023 9 1680 420 0 127 0 0 
135 5858 36 8 56 0 4031 11 1720 430 0 122 0 0 
136 5850 34 6 57 0 4044 9 1760 440 0 117 0 0 
137 5842 32 8 52 0 4058 8 1800 450 0 112 0 0 
138 5841 28 5 52 1 4066 7 1840 460 0 106 0 0 
139 5834 20 8 50 0 4080 8 1880 470 0 94 0 0 
140 5832 18 5 47 0 4092 6 1920 480 0 92 0 0 
141 5828 17 5 45 0 4100 5 1960 490 0 87 0 0 
142 5824 20 3 43 0 4106 4 2000 500 0 84 0 0 
143 5820 22 5 39 0 4110 4 2040 510 0 82 0 0 
144 5820 20 3 37 1 4115 4 2080 520 0 76 0 0 
145 5816 18 5 33 1 4124 3 2120 530 0 72 0 0 
146 5813 15 7 30 0 4131 4 2160 540 0 67 0 0 
147 5812 15 6 28 0 4135 4 2200 550 0 65 0 0 
148 5809 14 6 29 1 4137 4 2240 560 0 64 0 0 
149 5804 14 5 30 1 4141 5 2280 570 0 61 0 0 
150 5800 11 5 30 1 4147 6 2320 580 0 58 0 0 
151 5799 9 2 30 0 4155 5 2360 590 0 57 0 0 
152 5797 11 1 26 0 4160 5 2400 600 0 51 0 0 
153 5796 10 1 24 0 4165 4 2440 610 0 48 0 0 
154 5792 8 2 22 0 4172 4 2480 620 0 39 0 0 
155 5790 7 1 23 0 4177 2 2520 630 0 41 0 0 
156 5789 7 1 22 0 4179 2 2560 640 0 39 0 0 
157 5788 7 1 22 0 4181 1 2600 650 0 40 0 0 
158 5786 8 1 20 0 4184 1 2640 660 0 40 0 0 
159 5784 9 2 19 0 4185 1 2680 670 0 39 0 0 
160 5783 6 2 16 0 4192 1 2720 680 0 38 0 0 
161 5782 5 2 15 0 4195 1 2760 690 0 36 0 0 
162 5781 3 2 15 0 4198 1 2800 700 0 34 0 0 
163 5780 2 2 14 0 4202 0 2840 710 0 32 0 0 
164 5779 3 2 13 0 4203 0 2880 720 0 26 0 0 
165 5778 3 2 11 0 4206 0 2920 730 0 22 0 0 
166 5777 4 0 12 0 4207 0 2960 740 0 23 0 0 
167 5776 4 0 11 0 4209 0 3000 750 0 24 0 0 
168 5775 4 1 10 0 4210 0 3040 760 0 23 0 0 
169 5773 4 2 11 0 4210 0 3080 770 0 19 0 0 
170 5773 4 1 11 0 4211 0 3120 780 0 20 0 0 
171 5773 4 1 10 0 4212 0 3160 790 0 18 0 0 
172 5773 3 1 9 0 4214 0 3200 800 0 17 0 0 
173 5773 3 1 8 0 4215 0 3240 810 0 18 0 0 
174 5773 3 0 9 0 4215 0 3280 820 0 19 0 0 
175 5772 2 1 9 0 4216 0 3320 830 0 18 0 0 
176 5772 2 1 9 0 4216 0 3360 840 0 17 0 0 
177 5771 2 0 8 0 4219 0 3400 850 0 16 0 0 
178 5771 1 0 7 0 4221 0 3440 860 0 17 0 0 
179 5770 2 0 7 0 4221 0 3480 870 0 17 0 0 
180 5770 2 0 5 0 4223 0 3520 880 0 13 0 0 
181 5770 1 0 5 0 4224 0 3560 890 0 14 0 0 
182 5770 1 0 4 0 4225 0 3600 900 0 15 0 0 
183 5770 0 0 3 0 4227 0 3640 910 0 13 0 0 
184 5770 0 0 3 0 4227 0 3680 920 0 11 0 0 
185 5770 0 0 3 0 4227 0 3720 930 0 11 0 0 
186 5770 0 0 3 0 4227 0 3760 940 0 10 0 0 
187 5770 0 0 3 0 4227 0 3800 950 0 10 0 0 
188 5770 0 0 3 0 4227 0 3840 960 0 8 0 0 
189 5770 0 0 2 0 4228 0 3880 970 0 8 0 0 
190 5770 0 0 2 0 4228 0 3920 980 0 9 0 0 
191 5770 0 0 2 0 4228 0 3960 990 0 8 0 0 
192 5770 0 0 2 0 4228 0 4000 1000 0 7 0 0 
193 5770 0 0 2 0 4228 0 4040 1010 0 7 0 0 
194 5770 0 0 2 0 4228 0 4080 1020 0 7 0 0 
195 5770 0 0 2 0 4228 0 4120 1030 0 4 0 0 
196 5769 1 0 2 0 4228 0 4160 1040 0 4 0 0 
197 5769 1 0 2 0 4228 0 4200 1050 0 4 0 0 
198 5768 1 1 0 0 4230 0 4240 1060 0 5 0 0 
199 5767 1 2 0 0 4230 0 4280 1070 0 5 0 0 
