###### TEST LOG ####################
# Time taken               : 26.48 s
# Test Parameters: 
# 0.65 0.98 0.00 0.50
# 1.00 1.00 0.00 0.50
# Confined Less Infective? : True
# Homes Quarantined?       : False
# Quarantine when sampled? : False
# Testing Started When     : 20.00% recovered
# Fraction Tested Daily    : 0.50%
# LQ Tests Done in total   : 3100
# HQ Tests Done in total   : 3100
# All Tests Done in total  : 6200
# Results Given in total   : 6200
# Locations Moved in total : 3952152
# Total recovered HCW      : 63
# Total HCW                : 89
# Rate Array: 
#     0 0.125 0.125     0     0     0     0 
#     0     0     0     0     0 0.143     0 
#     0     0     0 0.425 0.075     0     0 
#     0     0     0     0     0   0.1     0 
#     0     0     0     0     0   0.1   0.4 
#     0     0     0     0     0     0     0 
#     0     0     0     0     0   0.1     0 
###### END LOG #####################
#
# Day nS nA nP nMI nSI nR nH PCR_conducted_today RAT_conducted_today Tests_remaining_today Agents_currently_confined Quarantines_removed_today Locations_in_quarantine_today
0 9990 10 0 0 0 0 0 0 0 50 0 0 0 
1 9990 8 0 0 0 2 0 0 0 50 0 0 0 
2 9987 10 0 1 0 2 0 0 0 50 0 0 0 
3 9981 10 3 2 0 4 0 0 0 50 0 0 0 
4 9978 12 1 5 0 4 0 0 0 50 0 0 0 
5 9975 13 1 6 0 5 0 0 0 50 0 0 0 
6 9971 14 0 8 0 7 0 0 0 50 0 0 0 
7 9966 14 4 7 0 9 0 0 0 50 0 0 0 
8 9962 10 5 9 1 13 0 0 0 50 0 0 0 
9 9959 10 3 12 1 15 0 0 0 50 0 0 0 
10 9955 13 2 10 0 19 1 0 0 50 0 0 0 
11 9952 15 2 11 0 19 1 0 0 50 0 0 0 
12 9949 13 5 9 0 24 0 0 0 50 0 0 0 
13 9942 13 8 10 0 27 0 0 0 50 0 0 0 
14 9939 12 5 13 0 31 0 0 0 50 0 0 0 
15 9930 11 7 15 0 37 0 0 0 50 0 0 0 
16 9924 11 8 15 0 41 1 0 0 50 0 0 0 
17 9919 13 6 17 1 42 2 0 0 50 0 0 0 
18 9913 12 6 16 0 51 2 0 0 50 0 0 0 
19 9905 13 7 20 0 53 2 0 0 50 0 0 0 
20 9891 16 11 18 0 62 2 0 0 50 0 0 0 
21 9885 19 11 15 1 67 2 0 0 50 0 0 0 
22 9876 20 12 17 2 70 3 0 0 50 0 0 0 
23 9871 21 5 23 3 73 4 0 0 50 0 0 0 
24 9858 24 9 24 1 79 5 0 0 50 0 0 0 
25 9853 19 7 24 1 91 5 0 0 50 0 0 0 
26 9844 19 10 24 1 98 4 0 0 50 0 0 0 
27 9838 20 9 25 1 102 5 0 0 50 0 0 0 
28 9824 26 11 28 1 105 5 0 0 50 0 0 0 
29 9806 33 14 30 1 111 5 0 0 50 0 0 0 
30 9798 33 10 37 2 116 4 0 0 50 0 0 0 
31 9783 39 13 35 2 124 4 0 0 50 0 0 0 
32 9763 42 21 36 1 132 5 0 0 50 0 0 0 
33 9741 45 19 40 3 145 7 0 0 50 0 0 0 
34 9722 52 19 45 2 151 9 0 0 50 0 0 0 
35 9702 56 19 50 2 162 9 0 0 50 0 0 0 
36 9677 60 20 49 3 182 9 0 0 50 0 0 0 
37 9646 67 27 52 3 196 9 0 0 50 0 0 0 
38 9625 67 30 55 1 210 12 0 0 50 0 0 0 
39 9596 71 28 66 3 224 12 0 0 50 0 0 0 
40 9565 70 38 63 3 250 11 0 0 50 0 0 0 
41 9538 66 33 73 5 274 11 0 0 50 0 0 0 
42 9507 74 27 80 4 297 11 0 0 50 0 0 0 
43 9473 72 31 89 4 319 12 0 0 50 0 0 0 
44 9435 79 39 90 3 341 13 0 0 50 0 0 0 
45 9407 73 36 97 4 368 15 0 0 50 0 0 0 
46 9382 77 38 92 3 394 14 0 0 50 0 0 0 
47 9342 84 37 100 5 419 13 0 0 50 0 0 0 
48 9298 94 36 109 6 445 12 0 0 50 0 0 0 
49 9248 101 48 109 3 476 15 0 0 50 0 0 0 
50 9198 114 52 121 4 496 15 0 0 50 0 0 0 
51 9139 131 50 129 8 530 13 0 0 50 0 0 0 
52 9083 135 52 140 9 567 14 0 0 50 0 0 0 
53 9022 143 58 144 6 611 16 0 0 50 0 0 0 
54 8966 146 59 159 8 644 18 0 0 50 0 0 0 
55 8896 170 64 167 6 673 24 0 0 50 0 0 0 
56 8822 178 74 173 7 721 25 0 0 50 0 0 0 
57 8769 186 69 171 8 772 25 0 0 50 0 0 0 
58 8698 190 83 170 9 825 25 0 0 50 0 0 0 
59 8631 198 74 190 6 872 29 0 0 50 0 0 0 
60 8561 192 73 194 13 937 30 0 0 50 0 0 0 
61 8494 193 80 214 9 980 30 0 0 50 0 0 0 
62 8419 204 81 215 10 1039 32 0 0 50 0 0 0 
63 8346 208 68 234 13 1096 35 0 0 50 0 0 0 
64 8261 219 77 244 15 1149 35 0 0 50 0 0 0 
65 8176 230 94 243 14 1208 35 0 0 50 0 0 0 
66 8105 230 87 257 11 1269 41 0 0 50 0 0 0 
67 8014 236 100 266 12 1337 35 0 0 50 0 0 0 
68 7932 235 98 283 15 1401 36 0 0 50 0 0 0 
69 7843 245 96 285 17 1476 38 0 0 50 0 0 0 
70 7756 248 86 295 21 1556 38 0 0 50 0 0 0 
71 7674 248 89 311 17 1624 37 0 0 50 0 0 0 
72 7583 248 82 314 20 1717 36 0 0 50 0 0 0 
73 7489 255 86 315 16 1801 38 0 0 50 0 0 0 
74 7394 268 85 326 13 1873 41 0 0 50 0 0 0 
75 7314 260 95 325 14 1952 40 0 0 50 0 0 0 
76 7222 258 92 328 17 2039 44 25 25 0 37 0 0 
77 7137 269 86 331 16 2115 46 50 50 0 76 0 0 
78 7059 274 78 333 16 2189 51 75 75 0 116 0 0 
79 6974 277 73 339 14 2274 49 100 100 0 155 0 0 
80 6904 273 70 340 13 2347 53 125 125 0 192 0 0 
81 6833 269 73 337 15 2421 52 150 150 0 231 0 0 
82 6778 258 74 329 17 2494 50 175 175 0 273 0 0 
83 6704 273 77 318 15 2566 47 200 200 0 317 0 0 
84 6637 275 64 335 15 2626 48 225 225 0 352 0 0 
85 6571 272 71 328 15 2696 47 250 250 0 393 0 0 
86 6498 288 63 323 16 2766 46 275 275 0 431 0 0 
87 6446 275 63 315 13 2841 47 300 300 0 469 0 0 
88 6403 258 53 313 12 2911 50 325 325 0 505 0 0 
89 6355 249 56 295 7 2989 49 350 350 0 534 0 0 
90 6321 238 42 286 11 3058 44 375 375 0 526 0 0 
91 6278 211 40 284 10 3134 43 400 400 0 514 0 0 
92 6245 198 43 263 12 3199 40 425 425 0 506 0 0 
93 6205 192 42 253 10 3259 39 450 450 0 495 0 0 
94 6185 183 31 248 9 3307 37 475 475 0 482 0 0 
95 6167 161 25 239 8 3362 38 500 500 0 465 0 0 
96 6143 155 26 229 5 3404 38 525 525 0 438 0 0 
97 6115 142 23 214 6 3465 35 550 550 0 417 0 0 
98 6092 135 19 209 4 3508 33 575 575 0 401 0 0 
99 6072 121 19 195 2 3560 31 600 600 0 375 0 0 
100 6051 113 18 191 2 3594 31 625 625 0 354 0 0 
101 6032 105 17 179 1 3636 30 650 650 0 331 0 0 
102 6020 101 19 163 1 3670 26 675 675 0 306 0 0 
103 6004 96 19 162 3 3693 23 700 700 0 292 0 0 
104 5994 83 17 157 3 3724 22 725 725 0 279 0 0 
105 5978 82 17 154 2 3746 21 750 750 0 264 0 0 
106 5957 84 23 144 1 3770 21 775 775 0 247 0 0 
107 5944 80 19 142 0 3793 22 800 800 0 238 0 0 
108 5924 81 14 137 3 3819 22 825 825 0 235 0 0 
109 5910 78 12 124 3 3853 20 850 850 0 226 0 0 
110 5894 76 11 119 4 3876 20 875 875 0 225 0 0 
111 5883 76 10 113 3 3892 23 900 900 0 217 0 0 
112 5875 68 9 102 2 3921 23 925 925 0 198 0 0 
113 5862 67 9 96 1 3945 20 950 950 0 192 0 0 
114 5853 65 9 92 3 3959 19 975 975 0 184 0 0 
115 5843 64 9 87 4 3976 17 1000 1000 0 178 0 0 
116 5832 57 12 78 4 4002 15 1025 1025 0 177 0 0 
117 5820 58 10 79 2 4015 16 1050 1050 0 167 0 0 
118 5810 55 10 79 2 4030 14 1075 1075 0 166 0 0 
119 5806 50 6 78 3 4044 13 1100 1100 0 160 0 0 
120 5804 41 6 76 2 4058 13 1125 1125 0 156 0 0 
121 5791 37 7 78 0 4073 14 1150 1150 0 145 0 0 
122 5782 35 6 77 0 4089 11 1175 1175 0 136 0 0 
123 5777 37 7 70 0 4099 10 1200 1200 0 129 0 0 
124 5771 38 6 64 1 4110 10 1225 1225 0 121 0 0 
125 5767 36 4 58 2 4123 10 1250 1250 0 115 0 0 
126 5767 30 4 52 1 4138 8 1275 1275 0 112 0 0 
127 5765 29 0 49 3 4147 7 1300 1300 0 106 0 0 
128 5763 25 0 49 3 4154 6 1325 1325 0 103 0 0 
129 5763 21 0 44 2 4165 5 1350 1350 0 99 0 0 
130 5758 17 3 41 1 4174 6 1375 1375 0 94 0 0 
131 5755 15 2 40 2 4181 5 1400 1400 0 91 0 0 
132 5754 14 1 38 0 4186 7 1425 1425 0 82 0 0 
133 5754 10 1 31 0 4197 7 1450 1450 0 80 0 0 
134 5753 9 0 29 0 4203 6 1475 1475 0 74 0 0 
135 5749 7 4 27 0 4209 4 1500 1500 0 67 0 0 
136 5749 5 3 23 0 4216 4 1525 1525 0 59 0 0 
137 5748 4 4 22 0 4218 4 1550 1550 0 55 0 0 
138 5747 2 3 22 1 4223 2 1575 1575 0 51 0 0 
139 5746 2 3 21 1 4225 2 1600 1600 0 46 0 0 
140 5745 3 1 21 2 4226 2 1625 1625 0 44 0 0 
141 5745 3 1 18 1 4229 3 1650 1650 0 39 0 0 
142 5745 2 0 14 1 4235 3 1675 1675 0 39 0 0 
143 5745 2 0 10 1 4239 3 1700 1700 0 36 0 0 
144 5745 2 0 10 0 4239 4 1725 1725 0 31 0 0 
145 5742 2 1 11 0 4240 4 1750 1750 0 30 0 0 
146 5742 1 1 10 0 4242 4 1775 1775 0 29 0 0 
147 5741 2 1 9 0 4244 3 1800 1800 0 25 0 0 
148 5740 3 1 8 0 4245 3 1825 1825 0 25 0 0 
149 5739 3 2 8 0 4245 3 1850 1850 0 23 0 0 
150 5738 3 3 8 0 4245 3 1875 1875 0 21 0 0 
151 5736 2 1 11 1 4246 3 1900 1900 0 25 0 0 
152 5736 2 1 8 0 4249 4 1925 1925 0 23 0 0 
153 5736 2 1 8 0 4250 3 1950 1950 0 22 0 0 
154 5735 2 2 8 0 4250 3 1975 1975 0 20 0 0 
155 5735 2 1 7 0 4252 3 2000 2000 0 20 0 0 
156 5735 2 1 7 0 4252 3 2025 2025 0 18 0 0 
157 5734 3 1 6 0 4253 3 2050 2050 0 19 0 0 
158 5733 3 2 6 0 4253 3 2075 2075 0 18 0 0 
159 5732 2 0 5 1 4259 1 2100 2100 0 17 0 0 
160 5732 0 0 5 0 4261 2 2125 2125 0 17 0 0 
161 5732 0 0 5 0 4261 2 2150 2150 0 17 0 0 
162 5732 0 0 5 0 4261 2 2175 2175 0 16 0 0 
163 5732 0 0 2 0 4265 1 2200 2200 0 16 0 0 
164 5732 0 0 2 0 4265 1 2225 2225 0 15 0 0 
165 5732 0 0 2 0 4265 1 2250 2250 0 11 0 0 
166 5732 0 0 1 0 4266 1 2275 2275 0 11 0 0 
167 5732 0 0 1 0 4266 1 2300 2300 0 12 0 0 
168 5732 0 0 1 0 4267 0 2325 2325 0 12 0 0 
169 5732 0 0 1 0 4267 0 2350 2350 0 11 0 0 
170 5732 0 0 1 0 4267 0 2375 2375 0 12 0 0 
171 5732 0 0 1 0 4267 0 2400 2400 0 11 0 0 
172 5732 0 0 1 0 4267 0 2425 2425 0 11 0 0 
173 5732 0 0 1 0 4267 0 2450 2450 0 12 0 0 
174 5732 0 0 1 0 4267 0 2475 2475 0 10 0 0 
175 5731 0 1 1 0 4267 0 2500 2500 0 10 0 0 
176 5730 1 0 1 1 4267 0 2525 2525 0 11 0 0 
177 5730 1 0 1 0 4267 1 2550 2550 0 10 0 0 
178 5730 0 0 1 0 4268 1 2575 2575 0 10 0 0 
179 5730 0 0 1 0 4268 1 2600 2600 0 9 0 0 
180 5730 0 0 0 0 4270 0 2625 2625 0 9 0 0 
181 5730 0 0 0 0 4270 0 2650 2650 0 8 0 0 
182 5730 0 0 0 0 4270 0 2675 2675 0 9 0 0 
183 5730 0 0 0 0 4270 0 2700 2700 0 10 0 0 
184 5730 0 0 0 0 4270 0 2725 2725 0 10 0 0 
185 5730 0 0 0 0 4270 0 2750 2750 0 10 0 0 
186 5730 0 0 0 0 4270 0 2775 2775 0 10 0 0 
187 5730 0 0 0 0 4270 0 2800 2800 0 8 0 0 
188 5730 0 0 0 0 4270 0 2825 2825 0 8 0 0 
189 5730 0 0 0 0 4270 0 2850 2850 0 9 0 0 
190 5730 0 0 0 0 4270 0 2875 2875 0 9 0 0 
191 5730 0 0 0 0 4270 0 2900 2900 0 8 0 0 
192 5730 0 0 0 0 4270 0 2925 2925 0 10 0 0 
193 5730 0 0 0 0 4270 0 2950 2950 0 12 0 0 
194 5730 0 0 0 0 4270 0 2975 2975 0 11 0 0 
195 5730 0 0 0 0 4270 0 3000 3000 0 11 0 0 
196 5730 0 0 0 0 4270 0 3025 3025 0 10 0 0 
197 5730 0 0 0 0 4270 0 3050 3050 0 9 0 0 
198 5730 0 0 0 0 4270 0 3075 3075 0 8 0 0 
199 5730 0 0 0 0 4270 0 3100 3100 0 9 0 0 
