###### TEST LOG ####################
# Time taken               : 27.37 s
# Test Parameters: 
# 0.95 0.98 0.00 0.30
# 1.00 1.00 0.00 0.70
# Confined Less Infective? : True
# Homes Quarantined?       : False
# Quarantine when sampled? : False
# Testing Started When     : 20.00% recovered
# Fraction Tested Daily    : 0.10%
# LQ Tests Done in total   : 0
# HQ Tests Done in total   : 0
# All Tests Done in total  : 0
# Results Given in total   : 0
# Locations Moved in total : 3989978
# Total recovered HCW      : 0
# Total HCW                : 98
# Rate Array: 
#     0 0.125 0.125     0     0     0     0 
#     0     0     0     0     0 0.143     0 
#     0     0     0 0.425 0.075     0     0 
#     0     0     0     0     0   0.1     0 
#     0     0     0     0     0   0.1   0.4 
#     0     0     0     0     0     0     0 
#     0     0     0     0     0   0.1     0 
###### END LOG #####################
#
# Day nS nA nP nMI nSI nR nH PCR_conducted_today RAT_conducted_today Tests_remaining_today Agents_currently_confined Quarantines_removed_today Locations_in_quarantine_today
0 9990 10 0 0 0 0 0 0 0 10 0 0 0 
1 9989 10 0 0 0 1 0 0 0 10 0 0 0 
2 9988 10 1 0 0 1 0 0 0 10 0 0 0 
3 9987 10 1 0 0 2 0 0 0 10 0 0 0 
4 9985 9 1 1 0 4 0 0 0 10 0 0 0 
5 9983 8 1 1 1 6 0 0 0 10 0 0 0 
6 9982 7 1 1 2 7 0 0 0 10 0 0 0 
7 9982 5 1 1 1 10 0 0 0 10 0 0 0 
8 9978 6 2 2 1 11 0 0 0 10 0 0 0 
9 9977 7 2 2 0 11 1 0 0 10 0 0 0 
10 9976 6 3 2 0 12 1 0 0 10 0 0 0 
11 9976 5 2 2 0 14 1 0 0 10 0 0 0 
12 9976 4 1 3 0 15 1 0 0 10 0 0 0 
13 9974 4 1 3 0 17 1 0 0 10 0 0 0 
14 9973 4 2 2 0 18 1 0 0 10 0 0 0 
15 9973 3 0 4 0 19 1 0 0 10 0 0 0 
16 9973 2 0 3 0 21 1 0 0 10 0 0 0 
17 9972 3 0 2 0 22 1 0 0 10 0 0 0 
18 9971 2 0 2 0 24 1 0 0 10 0 0 0 
19 9970 3 0 1 0 25 1 0 0 10 0 0 0 
20 9970 3 0 1 0 26 0 0 0 10 0 0 0 
21 9970 2 0 1 0 27 0 0 0 10 0 0 0 
22 9969 3 0 1 0 27 0 0 0 10 0 0 0 
23 9968 2 0 1 0 29 0 0 0 10 0 0 0 
24 9967 2 0 1 0 30 0 0 0 10 0 0 0 
25 9967 2 0 0 0 31 0 0 0 10 0 0 0 
26 9966 2 0 0 0 32 0 0 0 10 0 0 0 
27 9966 1 0 0 0 33 0 0 0 10 0 0 0 
28 9966 0 0 0 0 34 0 0 0 10 0 0 0 
29 9966 0 0 0 0 34 0 0 0 10 0 0 0 
30 9966 0 0 0 0 34 0 0 0 10 0 0 0 
31 9966 0 0 0 0 34 0 0 0 10 0 0 0 
32 9966 0 0 0 0 34 0 0 0 10 0 0 0 
33 9966 0 0 0 0 34 0 0 0 10 0 0 0 
34 9966 0 0 0 0 34 0 0 0 10 0 0 0 
35 9966 0 0 0 0 34 0 0 0 10 0 0 0 
36 9966 0 0 0 0 34 0 0 0 10 0 0 0 
37 9966 0 0 0 0 34 0 0 0 10 0 0 0 
38 9966 0 0 0 0 34 0 0 0 10 0 0 0 
39 9966 0 0 0 0 34 0 0 0 10 0 0 0 
40 9966 0 0 0 0 34 0 0 0 10 0 0 0 
41 9966 0 0 0 0 34 0 0 0 10 0 0 0 
42 9966 0 0 0 0 34 0 0 0 10 0 0 0 
43 9966 0 0 0 0 34 0 0 0 10 0 0 0 
44 9966 0 0 0 0 34 0 0 0 10 0 0 0 
45 9966 0 0 0 0 34 0 0 0 10 0 0 0 
46 9966 0 0 0 0 34 0 0 0 10 0 0 0 
47 9966 0 0 0 0 34 0 0 0 10 0 0 0 
48 9966 0 0 0 0 34 0 0 0 10 0 0 0 
49 9966 0 0 0 0 34 0 0 0 10 0 0 0 
50 9966 0 0 0 0 34 0 0 0 10 0 0 0 
51 9966 0 0 0 0 34 0 0 0 10 0 0 0 
52 9966 0 0 0 0 34 0 0 0 10 0 0 0 
53 9966 0 0 0 0 34 0 0 0 10 0 0 0 
54 9966 0 0 0 0 34 0 0 0 10 0 0 0 
55 9966 0 0 0 0 34 0 0 0 10 0 0 0 
56 9966 0 0 0 0 34 0 0 0 10 0 0 0 
57 9966 0 0 0 0 34 0 0 0 10 0 0 0 
58 9966 0 0 0 0 34 0 0 0 10 0 0 0 
59 9966 0 0 0 0 34 0 0 0 10 0 0 0 
60 9966 0 0 0 0 34 0 0 0 10 0 0 0 
61 9966 0 0 0 0 34 0 0 0 10 0 0 0 
62 9966 0 0 0 0 34 0 0 0 10 0 0 0 
63 9966 0 0 0 0 34 0 0 0 10 0 0 0 
64 9966 0 0 0 0 34 0 0 0 10 0 0 0 
65 9966 0 0 0 0 34 0 0 0 10 0 0 0 
66 9966 0 0 0 0 34 0 0 0 10 0 0 0 
67 9966 0 0 0 0 34 0 0 0 10 0 0 0 
68 9966 0 0 0 0 34 0 0 0 10 0 0 0 
69 9966 0 0 0 0 34 0 0 0 10 0 0 0 
70 9966 0 0 0 0 34 0 0 0 10 0 0 0 
71 9966 0 0 0 0 34 0 0 0 10 0 0 0 
72 9966 0 0 0 0 34 0 0 0 10 0 0 0 
73 9966 0 0 0 0 34 0 0 0 10 0 0 0 
74 9966 0 0 0 0 34 0 0 0 10 0 0 0 
75 9966 0 0 0 0 34 0 0 0 10 0 0 0 
76 9966 0 0 0 0 34 0 0 0 10 0 0 0 
77 9966 0 0 0 0 34 0 0 0 10 0 0 0 
78 9966 0 0 0 0 34 0 0 0 10 0 0 0 
79 9966 0 0 0 0 34 0 0 0 10 0 0 0 
80 9966 0 0 0 0 34 0 0 0 10 0 0 0 
81 9966 0 0 0 0 34 0 0 0 10 0 0 0 
82 9966 0 0 0 0 34 0 0 0 10 0 0 0 
83 9966 0 0 0 0 34 0 0 0 10 0 0 0 
84 9966 0 0 0 0 34 0 0 0 10 0 0 0 
85 9966 0 0 0 0 34 0 0 0 10 0 0 0 
86 9966 0 0 0 0 34 0 0 0 10 0 0 0 
87 9966 0 0 0 0 34 0 0 0 10 0 0 0 
88 9966 0 0 0 0 34 0 0 0 10 0 0 0 
89 9966 0 0 0 0 34 0 0 0 10 0 0 0 
90 9966 0 0 0 0 34 0 0 0 10 0 0 0 
91 9966 0 0 0 0 34 0 0 0 10 0 0 0 
92 9966 0 0 0 0 34 0 0 0 10 0 0 0 
93 9966 0 0 0 0 34 0 0 0 10 0 0 0 
94 9966 0 0 0 0 34 0 0 0 10 0 0 0 
95 9966 0 0 0 0 34 0 0 0 10 0 0 0 
96 9966 0 0 0 0 34 0 0 0 10 0 0 0 
97 9966 0 0 0 0 34 0 0 0 10 0 0 0 
98 9966 0 0 0 0 34 0 0 0 10 0 0 0 
99 9966 0 0 0 0 34 0 0 0 10 0 0 0 
100 9966 0 0 0 0 34 0 0 0 10 0 0 0 
101 9966 0 0 0 0 34 0 0 0 10 0 0 0 
102 9966 0 0 0 0 34 0 0 0 10 0 0 0 
103 9966 0 0 0 0 34 0 0 0 10 0 0 0 
104 9966 0 0 0 0 34 0 0 0 10 0 0 0 
105 9966 0 0 0 0 34 0 0 0 10 0 0 0 
106 9966 0 0 0 0 34 0 0 0 10 0 0 0 
107 9966 0 0 0 0 34 0 0 0 10 0 0 0 
108 9966 0 0 0 0 34 0 0 0 10 0 0 0 
109 9966 0 0 0 0 34 0 0 0 10 0 0 0 
110 9966 0 0 0 0 34 0 0 0 10 0 0 0 
111 9966 0 0 0 0 34 0 0 0 10 0 0 0 
112 9966 0 0 0 0 34 0 0 0 10 0 0 0 
113 9966 0 0 0 0 34 0 0 0 10 0 0 0 
114 9966 0 0 0 0 34 0 0 0 10 0 0 0 
115 9966 0 0 0 0 34 0 0 0 10 0 0 0 
116 9966 0 0 0 0 34 0 0 0 10 0 0 0 
117 9966 0 0 0 0 34 0 0 0 10 0 0 0 
118 9966 0 0 0 0 34 0 0 0 10 0 0 0 
119 9966 0 0 0 0 34 0 0 0 10 0 0 0 
120 9966 0 0 0 0 34 0 0 0 10 0 0 0 
121 9966 0 0 0 0 34 0 0 0 10 0 0 0 
122 9966 0 0 0 0 34 0 0 0 10 0 0 0 
123 9966 0 0 0 0 34 0 0 0 10 0 0 0 
124 9966 0 0 0 0 34 0 0 0 10 0 0 0 
125 9966 0 0 0 0 34 0 0 0 10 0 0 0 
126 9966 0 0 0 0 34 0 0 0 10 0 0 0 
127 9966 0 0 0 0 34 0 0 0 10 0 0 0 
128 9966 0 0 0 0 34 0 0 0 10 0 0 0 
129 9966 0 0 0 0 34 0 0 0 10 0 0 0 
130 9966 0 0 0 0 34 0 0 0 10 0 0 0 
131 9966 0 0 0 0 34 0 0 0 10 0 0 0 
132 9966 0 0 0 0 34 0 0 0 10 0 0 0 
133 9966 0 0 0 0 34 0 0 0 10 0 0 0 
134 9966 0 0 0 0 34 0 0 0 10 0 0 0 
135 9966 0 0 0 0 34 0 0 0 10 0 0 0 
136 9966 0 0 0 0 34 0 0 0 10 0 0 0 
137 9966 0 0 0 0 34 0 0 0 10 0 0 0 
138 9966 0 0 0 0 34 0 0 0 10 0 0 0 
139 9966 0 0 0 0 34 0 0 0 10 0 0 0 
140 9966 0 0 0 0 34 0 0 0 10 0 0 0 
141 9966 0 0 0 0 34 0 0 0 10 0 0 0 
142 9966 0 0 0 0 34 0 0 0 10 0 0 0 
143 9966 0 0 0 0 34 0 0 0 10 0 0 0 
144 9966 0 0 0 0 34 0 0 0 10 0 0 0 
145 9966 0 0 0 0 34 0 0 0 10 0 0 0 
146 9966 0 0 0 0 34 0 0 0 10 0 0 0 
147 9966 0 0 0 0 34 0 0 0 10 0 0 0 
148 9966 0 0 0 0 34 0 0 0 10 0 0 0 
149 9966 0 0 0 0 34 0 0 0 10 0 0 0 
150 9966 0 0 0 0 34 0 0 0 10 0 0 0 
151 9966 0 0 0 0 34 0 0 0 10 0 0 0 
152 9966 0 0 0 0 34 0 0 0 10 0 0 0 
153 9966 0 0 0 0 34 0 0 0 10 0 0 0 
154 9966 0 0 0 0 34 0 0 0 10 0 0 0 
155 9966 0 0 0 0 34 0 0 0 10 0 0 0 
156 9966 0 0 0 0 34 0 0 0 10 0 0 0 
157 9966 0 0 0 0 34 0 0 0 10 0 0 0 
158 9966 0 0 0 0 34 0 0 0 10 0 0 0 
159 9966 0 0 0 0 34 0 0 0 10 0 0 0 
160 9966 0 0 0 0 34 0 0 0 10 0 0 0 
161 9966 0 0 0 0 34 0 0 0 10 0 0 0 
162 9966 0 0 0 0 34 0 0 0 10 0 0 0 
163 9966 0 0 0 0 34 0 0 0 10 0 0 0 
164 9966 0 0 0 0 34 0 0 0 10 0 0 0 
165 9966 0 0 0 0 34 0 0 0 10 0 0 0 
166 9966 0 0 0 0 34 0 0 0 10 0 0 0 
167 9966 0 0 0 0 34 0 0 0 10 0 0 0 
168 9966 0 0 0 0 34 0 0 0 10 0 0 0 
169 9966 0 0 0 0 34 0 0 0 10 0 0 0 
170 9966 0 0 0 0 34 0 0 0 10 0 0 0 
171 9966 0 0 0 0 34 0 0 0 10 0 0 0 
172 9966 0 0 0 0 34 0 0 0 10 0 0 0 
173 9966 0 0 0 0 34 0 0 0 10 0 0 0 
174 9966 0 0 0 0 34 0 0 0 10 0 0 0 
175 9966 0 0 0 0 34 0 0 0 10 0 0 0 
176 9966 0 0 0 0 34 0 0 0 10 0 0 0 
177 9966 0 0 0 0 34 0 0 0 10 0 0 0 
178 9966 0 0 0 0 34 0 0 0 10 0 0 0 
179 9966 0 0 0 0 34 0 0 0 10 0 0 0 
180 9966 0 0 0 0 34 0 0 0 10 0 0 0 
181 9966 0 0 0 0 34 0 0 0 10 0 0 0 
182 9966 0 0 0 0 34 0 0 0 10 0 0 0 
183 9966 0 0 0 0 34 0 0 0 10 0 0 0 
184 9966 0 0 0 0 34 0 0 0 10 0 0 0 
185 9966 0 0 0 0 34 0 0 0 10 0 0 0 
186 9966 0 0 0 0 34 0 0 0 10 0 0 0 
187 9966 0 0 0 0 34 0 0 0 10 0 0 0 
188 9966 0 0 0 0 34 0 0 0 10 0 0 0 
189 9966 0 0 0 0 34 0 0 0 10 0 0 0 
190 9966 0 0 0 0 34 0 0 0 10 0 0 0 
191 9966 0 0 0 0 34 0 0 0 10 0 0 0 
192 9966 0 0 0 0 34 0 0 0 10 0 0 0 
193 9966 0 0 0 0 34 0 0 0 10 0 0 0 
194 9966 0 0 0 0 34 0 0 0 10 0 0 0 
195 9966 0 0 0 0 34 0 0 0 10 0 0 0 
196 9966 0 0 0 0 34 0 0 0 10 0 0 0 
197 9966 0 0 0 0 34 0 0 0 10 0 0 0 
198 9966 0 0 0 0 34 0 0 0 10 0 0 0 
199 9966 0 0 0 0 34 0 0 0 10 0 0 0 
