###### TEST LOG ####################
# Time taken               : 24.21 s
# Test Parameters: 
# 0.55 0.98 0.00 0.80
# 1.00 1.00 0.00 0.20
# Confined Less Infective? : True
# Homes Quarantined?       : False
# Quarantine when sampled? : False
# Testing Started When     : 20.00% recovered
# Fraction Tested Daily    : 0.10%
# LQ Tests Done in total   : 1135
# HQ Tests Done in total   : 155
# All Tests Done in total  : 1290
# Results Given in total   : 1290
# Locations Moved in total : 3967990
# Total recovered HCW      : 64
# Total HCW                : 69
# Rate Array: 
#     0 0.125 0.125     0     0     0     0 
#     0     0     0     0     0 0.143     0 
#     0     0     0 0.425 0.075     0     0 
#     0     0     0     0     0   0.1     0 
#     0     0     0     0     0   0.1   0.4 
#     0     0     0     0     0     0     0 
#     0     0     0     0     0   0.1     0 
###### END LOG #####################
#
# Day nS nA nP nMI nSI nR nH PCR_conducted_today RAT_conducted_today Tests_remaining_today Agents_currently_confined Quarantines_removed_today Locations_in_quarantine_today
0 9990 10 0 0 0 0 0 0 0 10 0 0 0 
1 9987 8 3 0 0 2 0 0 0 10 0 0 0 
2 9986 7 2 2 0 3 0 0 0 10 0 0 0 
3 9982 7 2 5 0 4 0 0 0 10 0 0 0 
4 9979 5 3 5 0 8 0 0 0 10 0 0 0 
5 9975 8 3 6 0 8 0 0 0 10 0 0 0 
6 9974 9 2 5 0 10 0 0 0 10 0 0 0 
7 9972 8 2 6 0 12 0 0 0 10 0 0 0 
8 9968 9 2 8 0 13 0 0 0 10 0 0 0 
9 9965 9 2 10 0 14 0 0 0 10 0 0 0 
10 9965 9 1 11 0 14 0 0 0 10 0 0 0 
11 9956 11 6 11 0 15 1 0 0 10 0 0 0 
12 9946 18 4 15 0 16 1 0 0 10 0 0 0 
13 9938 19 5 16 0 22 0 0 0 10 0 0 0 
14 9929 21 8 18 0 24 0 0 0 10 0 0 0 
15 9921 23 9 19 0 28 0 0 0 10 0 0 0 
16 9906 20 13 24 0 36 1 0 0 10 0 0 0 
17 9896 21 9 25 1 47 1 0 0 10 0 0 0 
18 9884 26 9 26 1 53 1 0 0 10 0 0 0 
19 9878 23 11 28 2 57 1 0 0 10 0 0 0 
20 9865 24 10 31 1 67 2 0 0 10 0 0 0 
21 9853 23 12 32 1 77 2 0 0 10 0 0 0 
22 9846 24 9 31 2 86 2 0 0 10 0 0 0 
23 9838 24 12 31 2 91 2 0 0 10 0 0 0 
24 9825 27 13 31 3 99 2 0 0 10 0 0 0 
25 9816 27 8 34 2 107 6 0 0 10 0 0 0 
26 9803 31 9 35 1 114 7 0 0 10 0 0 0 
27 9784 41 13 34 1 120 7 0 0 10 0 0 0 
28 9765 44 18 40 1 124 8 0 0 10 0 0 0 
29 9750 47 17 44 3 132 7 0 0 10 0 0 0 
30 9729 47 21 49 3 144 7 0 0 10 0 0 0 
31 9703 52 24 53 3 158 7 0 0 10 0 0 0 
32 9677 56 21 62 4 174 6 0 0 10 0 0 0 
33 9655 62 24 64 3 185 7 0 0 10 0 0 0 
34 9622 70 36 65 4 196 7 0 0 10 0 0 0 
35 9598 67 35 69 6 216 9 0 0 10 0 0 0 
36 9569 66 34 75 3 240 13 0 0 10 0 0 0 
37 9547 73 29 79 3 256 13 0 0 10 0 0 0 
38 9513 73 33 84 3 282 12 0 0 10 0 0 0 
39 9475 80 40 88 4 303 10 0 0 10 0 0 0 
40 9436 89 44 95 3 321 12 0 0 10 0 0 0 
41 9401 93 41 95 7 351 12 0 0 10 0 0 0 
42 9360 106 32 102 6 379 15 0 0 10 0 0 0 
43 9312 119 44 102 4 404 15 0 0 10 0 0 0 
44 9269 134 37 105 4 435 16 0 0 10 0 0 0 
45 9232 134 40 104 3 468 19 0 0 10 0 0 0 
46 9170 140 55 111 6 498 20 0 0 10 0 0 0 
47 9119 144 50 131 5 533 18 0 0 10 0 0 0 
48 9072 160 43 137 8 560 20 0 0 10 0 0 0 
49 9010 161 49 138 10 611 21 0 0 10 0 0 0 
50 8945 180 44 148 9 651 23 0 0 10 0 0 0 
51 8873 187 58 154 7 696 25 0 0 10 0 0 0 
52 8807 201 63 160 4 737 28 0 0 10 0 0 0 
53 8751 201 64 171 7 777 29 0 0 10 0 0 0 
54 8688 204 58 183 9 829 29 0 0 10 0 0 0 
55 8611 206 69 191 11 878 34 0 0 10 0 0 0 
56 8523 221 82 193 10 938 33 0 0 10 0 0 0 
57 8451 231 83 196 7 997 35 0 0 10 0 0 0 
58 8389 231 76 221 6 1039 38 0 0 10 0 0 0 
59 8302 248 69 233 8 1103 37 0 0 10 0 0 0 
60 8218 242 77 240 10 1174 39 0 0 10 0 0 0 
61 8130 258 82 246 8 1237 39 0 0 10 0 0 0 
62 8044 268 85 253 13 1298 39 0 0 10 0 0 0 
63 7943 285 98 262 15 1360 37 0 0 10 0 0 0 
64 7837 302 96 284 16 1424 41 0 0 10 0 0 0 
65 7749 312 92 287 19 1499 42 0 0 10 0 0 0 
66 7627 319 118 302 13 1577 44 0 0 10 0 0 0 
67 7540 319 99 326 14 1654 48 0 0 10 0 0 0 
68 7429 338 99 350 9 1725 50 0 0 10 0 0 0 
69 7311 339 104 360 13 1825 48 0 0 10 0 0 0 
70 7185 347 122 360 17 1920 49 0 0 10 0 0 0 
71 7084 356 110 381 18 2003 48 1 9 0 9 0 0 
72 6960 365 116 393 18 2097 51 2 18 0 14 0 0 
73 6847 382 116 386 18 2197 54 3 27 0 18 0 0 
74 6745 375 119 389 13 2302 57 4 36 0 23 0 0 
75 6628 377 111 400 17 2410 57 5 45 0 27 0 0 
76 6552 346 102 391 23 2530 56 6 54 0 33 0 0 
77 6446 349 88 397 23 2636 61 7 63 0 37 0 0 
78 6351 348 87 408 10 2726 70 8 72 0 43 0 0 
79 6263 357 83 402 11 2817 67 9 81 0 51 0 0 
80 6182 345 79 393 19 2916 66 10 90 0 57 0 0 
81 6086 350 85 393 20 2998 68 11 99 0 63 0 0 
82 6008 354 70 386 16 3094 72 12 108 0 71 0 0 
83 5927 345 73 374 14 3195 72 13 117 0 77 0 0 
84 5836 343 74 368 22 3289 68 14 126 0 84 0 0 
85 5750 339 82 360 19 3390 60 15 135 0 82 0 0 
86 5675 317 84 360 16 3488 60 16 144 0 82 0 0 
87 5590 307 91 350 12 3591 59 17 153 0 84 0 0 
88 5524 304 84 346 15 3670 57 18 162 0 86 0 0 
89 5434 311 82 356 13 3750 54 19 171 0 85 0 0 
90 5372 295 74 339 18 3854 48 20 180 0 86 0 0 
91 5307 295 75 321 13 3940 49 21 189 0 87 0 0 
92 5247 286 75 316 11 4015 50 22 198 0 87 0 0 
93 5184 288 69 316 11 4086 46 23 207 0 83 0 0 
94 5120 282 67 305 12 4169 45 24 216 0 83 0 0 
95 5055 285 69 294 12 4240 45 25 225 0 81 0 0 
96 5002 274 59 310 9 4299 47 26 234 0 76 0 0 
97 4926 278 66 299 11 4374 46 27 243 0 78 0 0 
98 4844 281 74 297 9 4449 46 28 252 0 77 0 0 
99 4789 271 66 296 8 4521 49 29 261 0 79 0 0 
100 4718 278 63 299 9 4589 44 30 270 0 79 0 0 
101 4667 267 60 288 8 4663 47 31 279 0 79 0 0 
102 4628 247 55 276 6 4744 44 32 288 0 78 0 0 
103 4574 242 54 271 9 4808 42 33 297 0 78 0 0 
104 4533 233 45 270 9 4867 43 34 306 0 79 0 0 
105 4484 227 42 271 9 4927 40 35 315 0 82 0 0 
106 4454 216 42 258 6 4987 37 36 324 0 83 0 0 
107 4408 218 45 253 7 5035 34 37 333 0 86 0 0 
108 4376 199 43 248 5 5098 31 38 342 0 83 0 0 
109 4342 183 41 237 10 5159 28 39 351 0 82 0 0 
110 4311 172 41 229 7 5210 30 40 360 0 84 0 0 
111 4277 168 40 220 8 5259 28 41 369 0 82 0 0 
112 4236 161 40 213 8 5311 31 42 378 0 81 0 0 
113 4206 150 35 204 5 5366 34 43 387 0 78 0 0 
114 4173 139 34 205 3 5414 32 44 396 0 78 0 0 
115 4139 135 34 204 2 5456 30 45 405 0 77 0 0 
116 4114 127 28 198 3 5500 30 46 414 0 81 0 0 
117 4089 119 26 192 5 5540 29 47 423 0 84 0 0 
118 4069 116 22 183 3 5580 27 48 432 0 82 0 0 
119 4035 114 35 168 1 5623 24 49 441 0 80 0 0 
120 4009 111 34 166 1 5655 24 50 450 0 78 0 0 
121 3989 112 25 162 1 5687 24 51 459 0 79 0 0 
122 3968 111 20 159 5 5717 20 52 468 0 76 0 0 
123 3952 100 17 149 3 5761 18 53 477 0 78 0 0 
124 3934 97 16 140 4 5791 18 54 486 0 76 0 0 
125 3910 93 20 141 3 5817 16 55 495 0 74 0 0 
126 3888 92 22 133 2 5846 17 56 504 0 76 0 0 
127 3869 89 15 132 4 5874 17 57 513 0 78 0 0 
128 3849 95 19 128 2 5888 19 58 522 0 76 0 0 
129 3837 90 16 132 1 5906 18 59 531 0 77 0 0 
130 3816 84 17 130 1 5935 17 60 540 0 75 0 0 
131 3807 77 16 119 1 5964 16 61 549 0 72 0 0 
132 3789 75 17 115 0 5988 16 62 558 0 73 0 0 
133 3776 75 13 106 3 6012 15 63 567 0 75 0 0 
134 3762 76 16 96 3 6036 11 64 576 0 76 0 0 
135 3751 67 14 95 1 6060 12 65 585 0 77 0 0 
136 3738 64 14 96 2 6075 11 66 594 0 80 0 0 
137 3728 61 13 96 0 6091 11 67 603 0 78 0 0 
138 3715 64 11 92 1 6106 11 68 612 0 80 0 0 
139 3705 59 10 88 2 6124 12 69 621 0 84 0 0 
140 3697 52 11 83 3 6142 12 70 630 0 84 0 0 
141 3693 48 11 73 2 6161 12 71 639 0 86 0 0 
142 3689 42 11 69 0 6175 14 72 648 0 88 0 0 
143 3681 39 9 65 1 6192 13 73 657 0 89 0 0 
144 3672 37 9 62 0 6208 12 74 666 0 86 0 0 
145 3668 36 8 57 0 6222 9 75 675 0 90 0 0 
146 3659 38 10 59 1 6224 9 76 684 0 89 0 0 
147 3655 33 8 54 1 6240 9 77 693 0 87 0 0 
148 3652 29 5 54 1 6252 7 79 701 0 83 0 0 
149 3652 24 2 55 1 6261 5 80 710 0 83 0 0 
150 3649 22 3 56 0 6265 5 81 719 0 86 0 0 
151 3647 19 3 52 0 6274 5 83 727 0 84 0 0 
152 3647 15 3 45 0 6285 5 84 736 0 81 0 0 
153 3645 14 4 43 0 6289 5 86 744 0 74 0 0 
154 3643 15 3 40 1 6294 4 88 752 0 70 0 0 
155 3638 15 5 36 1 6301 4 90 760 0 67 0 0 
156 3637 14 1 35 1 6309 3 92 768 0 61 0 0 
157 3635 12 0 34 0 6315 4 93 777 0 59 0 0 
158 3635 10 0 26 0 6325 4 94 786 0 55 0 0 
159 3635 9 0 22 0 6330 4 95 795 0 48 0 0 
160 3634 9 0 21 0 6332 4 96 804 0 44 0 0 
161 3633 8 0 21 0 6334 4 98 812 0 41 0 0 
162 3633 8 0 16 0 6339 4 99 821 0 41 0 0 
163 3631 9 0 13 0 6343 4 100 830 0 35 0 0 
164 3631 7 0 11 0 6347 4 102 838 0 27 0 0 
165 3630 6 0 9 1 6351 3 104 846 0 28 0 0 
166 3630 5 0 8 0 6353 4 106 854 0 26 0 0 
167 3630 5 0 8 0 6353 4 107 863 0 25 0 0 
168 3630 5 0 6 0 6356 3 109 871 0 23 0 0 
169 3629 6 0 6 0 6356 3 110 880 0 19 0 0 
170 3629 6 0 6 0 6356 3 111 889 0 18 0 0 
171 3629 6 0 5 0 6357 3 113 897 0 15 0 0 
172 3629 6 0 5 0 6357 3 114 906 0 16 0 0 
173 3628 6 1 4 0 6358 3 115 915 0 15 0 0 
174 3628 5 0 5 0 6359 3 117 923 0 15 0 0 
175 3628 4 0 5 0 6361 2 118 932 0 13 0 0 
176 3628 4 0 5 0 6361 2 120 940 0 11 0 0 
177 3627 5 0 3 0 6363 2 121 949 0 10 0 0 
178 3627 3 0 3 0 6365 2 122 958 0 10 0 0 
179 3627 3 0 3 0 6365 2 124 966 0 7 0 0 
180 3627 2 0 3 0 6366 2 125 975 0 6 0 0 
181 3627 1 0 2 0 6368 2 126 984 0 7 0 0 
182 3627 1 0 1 0 6369 2 128 992 0 7 0 0 
183 3627 1 0 1 0 6370 1 129 1001 0 7 0 0 
184 3627 1 0 1 0 6370 1 131 1009 0 6 0 0 
185 3627 1 0 1 0 6370 1 132 1018 0 5 0 0 
186 3627 1 0 1 0 6370 1 134 1026 0 3 0 0 
187 3627 1 0 1 0 6370 1 136 1034 0 3 0 0 
188 3627 1 0 1 0 6370 1 137 1043 0 3 0 0 
189 3627 1 0 1 0 6370 1 138 1052 0 3 0 0 
190 3627 1 0 1 0 6370 1 140 1060 0 3 0 0 
191 3627 1 0 1 0 6370 1 142 1068 0 3 0 0 
192 3627 0 0 1 0 6371 1 143 1077 0 3 0 0 
193 3627 0 0 1 0 6371 1 145 1085 0 3 0 0 
194 3627 0 0 1 0 6372 0 147 1093 0 2 0 0 
195 3627 0 0 0 0 6373 0 149 1101 0 2 0 0 
196 3627 0 0 0 0 6373 0 150 1110 0 2 0 0 
197 3627 0 0 0 0 6373 0 151 1119 0 2 0 0 
198 3627 0 0 0 0 6373 0 153 1127 0 2 0 0 
199 3627 0 0 0 0 6373 0 155 1135 0 2 0 0 
