###### TEST LOG ####################
# Time taken               : 28.20 s
# Test Parameters: 
# 0.70 0.98 0.00 0.30
# 1.00 1.00 0.00 0.70
# Confined Less Infective? : True
# Homes Quarantined?       : False
# Quarantine when sampled? : False
# Testing Started When     : 20.00% recovered
# Fraction Tested Daily    : 0.50%
# LQ Tests Done in total   : 1890
# HQ Tests Done in total   : 4410
# All Tests Done in total  : 6300
# Results Given in total   : 6300
# Locations Moved in total : 3955862
# Total recovered HCW      : 37
# Total HCW                : 62
# Rate Array: 
#     0 0.125 0.125     0     0     0     0 
#     0     0     0     0     0 0.143     0 
#     0     0     0 0.425 0.075     0     0 
#     0     0     0     0     0   0.1     0 
#     0     0     0     0     0   0.1   0.4 
#     0     0     0     0     0     0     0 
#     0     0     0     0     0   0.1     0 
###### END LOG #####################
#
# Day nS nA nP nMI nSI nR nH PCR_conducted_today RAT_conducted_today Tests_remaining_today Agents_currently_confined Quarantines_removed_today Locations_in_quarantine_today
0 9990 10 0 0 0 0 0 0 0 50 0 0 0 
1 9987 11 1 0 0 1 0 0 0 50 0 0 0 
2 9982 11 2 3 0 2 0 0 0 50 0 0 0 
3 9977 13 3 3 0 4 0 0 0 50 0 0 0 
4 9974 10 3 6 0 7 0 0 0 50 0 0 0 
5 9970 12 4 6 0 7 1 0 0 50 0 0 0 
6 9968 12 2 7 0 9 2 0 0 50 0 0 0 
7 9960 13 6 5 0 14 2 0 0 50 0 0 0 
8 9948 14 8 9 0 18 3 0 0 50 0 0 0 
9 9940 17 6 9 1 24 3 0 0 50 0 0 0 
10 9934 19 6 9 0 28 4 0 0 50 0 0 0 
11 9933 17 4 12 0 31 3 0 0 50 0 0 0 
12 9924 19 7 13 1 33 3 0 0 50 0 0 0 
13 9915 25 5 15 1 37 2 0 0 50 0 0 0 
14 9908 18 9 15 0 47 3 0 0 50 0 0 0 
15 9904 21 7 16 0 49 3 0 0 50 0 0 0 
16 9899 18 6 19 0 55 3 0 0 50 0 0 0 
17 9894 20 4 19 0 60 3 0 0 50 0 0 0 
18 9888 22 4 21 0 63 2 0 0 50 0 0 0 
19 9878 25 7 23 1 65 1 0 0 50 0 0 0 
20 9869 24 9 25 1 71 1 0 0 50 0 0 0 
21 9861 25 8 29 0 75 2 0 0 50 0 0 0 
22 9845 33 6 31 1 81 3 0 0 50 0 0 0 
23 9832 31 10 32 0 91 4 0 0 50 0 0 0 
24 9825 32 12 32 0 96 3 0 0 50 0 0 0 
25 9808 36 12 31 2 108 3 0 0 50 0 0 0 
26 9788 40 15 36 3 116 2 0 0 50 0 0 0 
27 9772 44 19 38 1 123 3 0 0 50 0 0 0 
28 9751 42 26 43 1 133 4 0 0 50 0 0 0 
29 9732 46 27 46 0 145 4 0 0 50 0 0 0 
30 9709 51 27 55 2 152 4 0 0 50 0 0 0 
31 9680 59 25 55 8 168 5 0 0 50 0 0 0 
32 9650 66 28 56 5 186 9 0 0 50 0 0 0 
33 9620 66 29 62 4 211 8 0 0 50 0 0 0 
34 9592 73 26 69 5 227 8 0 0 50 0 0 0 
35 9560 83 29 73 4 242 9 0 0 50 0 0 0 
36 9508 98 43 77 2 263 9 0 0 50 0 0 0 
37 9479 99 36 84 3 288 11 0 0 50 0 0 0 
38 9442 99 38 88 5 316 12 0 0 50 0 0 0 
39 9417 96 35 89 6 344 13 0 0 50 0 0 0 
40 9377 99 38 93 7 373 13 0 0 50 0 0 0 
41 9328 114 43 96 8 398 13 0 0 50 0 0 0 
42 9286 117 38 103 6 430 20 0 0 50 0 0 0 
43 9240 126 41 108 7 456 22 0 0 50 0 0 0 
44 9190 129 45 118 4 493 21 0 0 50 0 0 0 
45 9128 132 64 125 3 524 24 0 0 50 0 0 0 
46 9082 141 52 137 6 558 24 0 0 50 0 0 0 
47 9025 152 52 154 8 585 24 0 0 50 0 0 0 
48 8978 159 56 155 6 623 23 0 0 50 0 0 0 
49 8925 162 55 161 9 667 21 0 0 50 0 0 0 
50 8876 163 47 171 11 710 22 0 0 50 0 0 0 
51 8821 168 48 170 9 763 21 0 0 50 0 0 0 
52 8772 156 52 170 10 819 21 0 0 50 0 0 0 
53 8713 154 52 185 8 864 24 0 0 50 0 0 0 
54 8660 151 63 168 11 926 21 0 0 50 0 0 0 
55 8614 146 53 180 9 979 19 0 0 50 0 0 0 
56 8545 153 67 180 9 1026 20 0 0 50 0 0 0 
57 8490 160 64 190 7 1070 19 0 0 50 0 0 0 
58 8439 168 58 189 5 1122 19 0 0 50 0 0 0 
59 8375 179 53 200 6 1167 20 0 0 50 0 0 0 
60 8325 191 52 195 8 1209 20 0 0 50 0 0 0 
61 8257 189 58 193 7 1276 20 0 0 50 0 0 0 
62 8193 182 62 209 8 1326 20 0 0 50 0 0 0 
63 8121 194 55 209 12 1390 19 0 0 50 0 0 0 
64 8051 207 60 203 8 1450 21 0 0 50 0 0 0 
65 7981 217 63 204 8 1503 24 0 0 50 0 0 0 
66 7911 221 65 214 8 1558 23 0 0 50 0 0 0 
67 7849 236 60 227 6 1597 25 0 0 50 0 0 0 
68 7775 246 65 235 6 1646 27 0 0 50 0 0 0 
69 7705 228 68 246 9 1722 22 0 0 50 0 0 0 
70 7641 212 73 252 3 1794 25 0 0 50 0 0 0 
71 7556 216 79 260 2 1861 26 0 0 50 0 0 0 
72 7466 245 88 263 9 1908 21 0 0 50 0 0 0 
73 7378 254 90 270 14 1971 23 0 0 50 0 0 0 
74 7286 253 106 270 19 2040 26 35 15 0 44 0 0 
75 7213 254 101 279 16 2108 29 70 30 0 92 0 0 
76 7124 261 94 306 18 2169 28 105 45 0 135 0 0 
77 7026 266 96 321 16 2242 33 140 60 0 177 0 0 
78 6949 269 92 322 14 2319 35 175 75 0 220 0 0 
79 6880 273 82 332 18 2382 33 210 90 0 264 0 0 
80 6826 256 75 334 15 2462 32 245 105 0 307 0 0 
81 6766 256 75 328 11 2534 30 280 120 0 350 0 0 
82 6705 254 74 326 13 2597 31 315 135 0 392 0 0 
83 6661 237 68 319 13 2672 30 350 150 0 437 0 0 
84 6599 239 60 324 12 2733 33 385 165 0 476 0 0 
85 6562 222 49 310 10 2815 32 420 180 0 513 0 0 
86 6524 216 46 296 11 2878 29 455 195 0 537 0 0 
87 6493 195 38 282 11 2952 29 490 210 0 557 0 0 
88 6455 182 38 273 10 3013 29 525 225 0 530 0 0 
89 6413 186 35 263 11 3064 28 560 240 0 506 0 0 
90 6388 166 32 256 11 3119 28 595 255 0 493 0 0 
91 6367 154 26 253 8 3166 26 630 270 0 476 0 0 
92 6341 149 24 242 9 3206 29 665 285 0 453 0 0 
93 6321 134 23 232 8 3254 28 700 300 0 433 0 0 
94 6298 126 23 219 5 3298 31 735 315 0 410 0 0 
95 6273 119 21 204 9 3345 29 770 330 0 388 0 0 
96 6256 116 16 199 5 3380 28 805 345 0 368 0 0 
97 6243 109 18 188 3 3412 27 840 360 0 339 0 0 
98 6230 84 20 176 2 3462 26 875 375 0 316 0 0 
99 6208 89 18 169 1 3488 27 910 390 0 298 0 0 
100 6191 88 15 152 3 3524 27 945 405 0 291 0 0 
101 6171 87 20 147 2 3549 24 980 420 0 280 0 0 
102 6154 84 16 144 1 3577 24 1015 435 0 277 0 0 
103 6139 75 14 144 1 3604 23 1050 450 0 273 0 0 
104 6122 79 11 140 0 3627 21 1085 465 0 261 0 0 
105 6098 83 18 129 0 3652 20 1120 480 0 249 0 0 
106 6083 76 16 125 0 3684 16 1155 495 0 237 0 0 
107 6070 68 12 128 0 3710 12 1190 510 0 229 0 0 
108 6062 63 11 125 0 3729 10 1225 525 0 216 0 0 
109 6056 57 7 112 2 3758 8 1260 540 0 210 0 0 
110 6050 52 8 103 2 3777 8 1295 555 0 196 0 0 
111 6046 46 7 95 2 3797 7 1330 570 0 185 0 0 
112 6043 41 5 90 1 3812 8 1365 585 0 175 0 0 
113 6039 36 5 82 0 3829 9 1400 600 0 163 0 0 
114 6037 32 2 78 0 3844 7 1435 615 0 159 0 0 
115 6034 29 3 64 0 3864 6 1470 630 0 155 0 0 
116 6032 26 1 61 0 3874 6 1505 645 0 144 0 0 
117 6029 23 4 56 0 3883 5 1540 660 0 128 0 0 
118 6026 23 4 51 0 3891 5 1575 675 0 119 0 0 
119 6023 22 4 46 0 3900 5 1610 690 0 108 0 0 
120 6018 20 6 44 0 3907 5 1645 705 0 101 0 0 
121 6014 18 5 40 0 3918 5 1680 720 0 88 0 0 
122 6011 16 4 39 0 3926 4 1715 735 0 84 0 0 
123 6011 16 1 41 0 3927 4 1750 750 0 77 0 0 
124 6004 18 4 38 0 3932 4 1785 765 0 72 0 0 
125 5999 19 2 40 0 3936 4 1820 780 0 73 0 0 
126 5995 20 1 40 1 3939 4 1855 795 0 69 0 0 
127 5993 19 2 37 1 3944 4 1890 810 0 61 0 0 
128 5991 15 2 32 0 3955 5 1925 825 0 55 0 0 
129 5987 16 2 30 0 3961 4 1960 840 0 55 0 0 
130 5986 13 2 29 0 3967 3 1995 855 0 54 0 0 
131 5984 9 3 26 0 3975 3 2030 870 0 51 0 0 
132 5984 7 2 22 0 3983 2 2065 885 0 47 0 0 
133 5982 8 1 22 0 3985 2 2100 900 0 47 0 0 
134 5982 7 0 19 1 3990 1 2135 915 0 45 0 0 
135 5982 7 0 17 1 3993 0 2170 930 0 43 0 0 
136 5981 8 0 16 0 3994 1 2205 945 0 39 0 0 
137 5981 6 0 14 0 3998 1 2240 960 0 34 0 0 
138 5981 4 0 12 0 4002 1 2275 975 0 31 0 0 
139 5981 3 0 10 0 4005 1 2310 990 0 25 0 0 
140 5981 3 0 10 0 4006 0 2345 1005 0 22 0 0 
141 5981 0 0 9 0 4010 0 2380 1020 0 20 0 0 
142 5981 0 0 7 0 4012 0 2415 1035 0 17 0 0 
143 5981 0 0 6 0 4013 0 2450 1050 0 14 0 0 
144 5981 0 0 5 0 4014 0 2485 1065 0 13 0 0 
145 5981 0 0 5 0 4014 0 2520 1080 0 13 0 0 
146 5981 0 0 5 0 4014 0 2555 1095 0 10 0 0 
147 5981 0 0 4 0 4015 0 2590 1110 0 8 0 0 
148 5981 0 0 4 0 4015 0 2625 1125 0 10 0 0 
149 5981 0 0 3 0 4016 0 2660 1140 0 10 0 0 
150 5981 0 0 3 0 4016 0 2695 1155 0 9 0 0 
151 5981 0 0 3 0 4016 0 2730 1170 0 9 0 0 
152 5981 0 0 3 0 4016 0 2765 1185 0 8 0 0 
153 5981 0 0 3 0 4016 0 2800 1200 0 8 0 0 
154 5981 0 0 2 0 4017 0 2835 1215 0 7 0 0 
155 5981 0 0 2 0 4017 0 2870 1230 0 7 0 0 
156 5981 0 0 2 0 4017 0 2905 1245 0 7 0 0 
157 5981 0 0 2 0 4017 0 2940 1260 0 7 0 0 
158 5981 0 0 1 0 4018 0 2975 1275 0 7 0 0 
159 5981 0 0 1 0 4018 0 3010 1290 0 7 0 0 
160 5981 0 0 1 0 4018 0 3045 1305 0 7 0 0 
161 5981 0 0 1 0 4018 0 3080 1320 0 7 0 0 
162 5981 0 0 0 0 4019 0 3115 1335 0 7 0 0 
163 5981 0 0 0 0 4019 0 3150 1350 0 8 0 0 
164 5981 0 0 0 0 4019 0 3185 1365 0 8 0 0 
165 5981 0 0 0 0 4019 0 3220 1380 0 7 0 0 
166 5981 0 0 0 0 4019 0 3255 1395 0 7 0 0 
167 5981 0 0 0 0 4019 0 3290 1410 0 7 0 0 
168 5981 0 0 0 0 4019 0 3325 1425 0 7 0 0 
169 5981 0 0 0 0 4019 0 3360 1440 0 8 0 0 
170 5981 0 0 0 0 4019 0 3395 1455 0 8 0 0 
171 5981 0 0 0 0 4019 0 3430 1470 0 7 0 0 
172 5981 0 0 0 0 4019 0 3465 1485 0 7 0 0 
173 5981 0 0 0 0 4019 0 3500 1500 0 7 0 0 
174 5981 0 0 0 0 4019 0 3535 1515 0 7 0 0 
175 5981 0 0 0 0 4019 0 3570 1530 0 6 0 0 
176 5981 0 0 0 0 4019 0 3605 1545 0 4 0 0 
177 5981 0 0 0 0 4019 0 3640 1560 0 3 0 0 
178 5981 0 0 0 0 4019 0 3675 1575 0 2 0 0 
179 5981 0 0 0 0 4019 0 3710 1590 0 2 0 0 
180 5981 0 0 0 0 4019 0 3745 1605 0 2 0 0 
181 5981 0 0 0 0 4019 0 3780 1620 0 3 0 0 
182 5981 0 0 0 0 4019 0 3815 1635 0 3 0 0 
183 5981 0 0 0 0 4019 0 3850 1650 0 2 0 0 
184 5981 0 0 0 0 4019 0 3885 1665 0 2 0 0 
185 5981 0 0 0 0 4019 0 3920 1680 0 2 0 0 
186 5981 0 0 0 0 4019 0 3955 1695 0 2 0 0 
187 5981 0 0 0 0 4019 0 3990 1710 0 2 0 0 
188 5981 0 0 0 0 4019 0 4025 1725 0 2 0 0 
189 5981 0 0 0 0 4019 0 4060 1740 0 4 0 0 
190 5981 0 0 0 0 4019 0 4095 1755 0 4 0 0 
191 5981 0 0 0 0 4019 0 4130 1770 0 4 0 0 
192 5981 0 0 0 0 4019 0 4165 1785 0 5 0 0 
193 5981 0 0 0 0 4019 0 4200 1800 0 5 0 0 
194 5981 0 0 0 0 4019 0 4235 1815 0 5 0 0 
195 5981 0 0 0 0 4019 0 4270 1830 0 5 0 0 
196 5981 0 0 0 0 4019 0 4305 1845 0 5 0 0 
197 5981 0 0 0 0 4019 0 4340 1860 0 5 0 0 
198 5981 0 0 0 0 4019 0 4375 1875 0 4 0 0 
199 5981 0 0 0 0 4019 0 4410 1890 0 4 0 0 
