###### TEST LOG ####################
# Time taken               : 28.18 s
# Test Parameters: 
# 0.70 0.98 0.00 0.60
# 1.00 1.00 0.00 0.40
# Confined Less Infective? : True
# Homes Quarantined?       : False
# Quarantine when sampled? : False
# Testing Started When     : 20.00% recovered
# Fraction Tested Daily    : 0.10%
# LQ Tests Done in total   : 828
# HQ Tests Done in total   : 552
# All Tests Done in total  : 1380
# Results Given in total   : 1380
# Locations Moved in total : 3964510
# Total recovered HCW      : 73
# Total HCW                : 86
# Rate Array: 
#     0 0.125 0.125     0     0     0     0 
#     0     0     0     0     0 0.143     0 
#     0     0     0 0.425 0.075     0     0 
#     0     0     0     0     0   0.1     0 
#     0     0     0     0     0   0.1   0.4 
#     0     0     0     0     0     0     0 
#     0     0     0     0     0   0.1     0 
###### END LOG #####################
#
# Day nS nA nP nMI nSI nR nH PCR_conducted_today RAT_conducted_today Tests_remaining_today Agents_currently_confined Quarantines_removed_today Locations_in_quarantine_today
0 9990 10 0 0 0 0 0 0 0 10 0 0 0 
1 9985 11 2 0 0 2 0 0 0 10 0 0 0 
2 9982 12 3 0 0 3 0 0 0 10 0 0 0 
3 9977 12 5 2 0 4 0 0 0 10 0 0 0 
4 9975 13 4 2 0 6 0 0 0 10 0 0 0 
5 9973 12 4 3 0 8 0 0 0 10 0 0 0 
6 9970 11 5 4 0 10 0 0 0 10 0 0 0 
7 9966 14 4 5 0 11 0 0 0 10 0 0 0 
8 9964 14 3 8 0 11 0 0 0 10 0 0 0 
9 9962 14 3 9 0 12 0 0 0 10 0 0 0 
10 9953 16 7 8 0 16 0 0 0 10 0 0 0 
11 9949 17 6 10 0 17 1 0 0 10 0 0 0 
12 9942 22 6 10 0 19 1 0 0 10 0 0 0 
13 9939 19 6 10 0 25 1 0 0 10 0 0 0 
14 9934 19 8 11 0 28 0 0 0 10 0 0 0 
15 9927 21 10 11 1 30 0 0 0 10 0 0 0 
16 9917 19 15 12 1 36 0 0 0 10 0 0 0 
17 9901 25 13 20 1 39 1 0 0 10 0 0 0 
18 9887 28 10 28 2 43 2 0 0 10 0 0 0 
19 9865 37 14 31 3 48 2 0 0 10 0 0 0 
20 9846 43 15 32 2 59 3 0 0 10 0 0 0 
21 9830 44 14 33 1 76 2 0 0 10 0 0 0 
22 9814 46 18 38 1 82 1 0 0 10 0 0 0 
23 9796 50 23 41 1 87 2 0 0 10 0 0 0 
24 9771 52 23 47 4 100 3 0 0 10 0 0 0 
25 9748 54 29 50 7 110 2 0 0 10 0 0 0 
26 9723 60 27 60 6 120 4 0 0 10 0 0 0 
27 9699 61 30 63 3 139 5 0 0 10 0 0 0 
28 9665 69 31 71 5 152 7 0 0 10 0 0 0 
29 9627 77 36 78 2 170 10 0 0 10 0 0 0 
30 9596 80 40 86 4 184 10 0 0 10 0 0 0 
31 9554 89 35 96 7 208 11 0 0 10 0 0 0 
32 9509 99 37 99 8 237 11 0 0 10 0 0 0 
33 9469 106 41 102 4 264 14 0 0 10 0 0 0 
34 9423 111 41 116 3 289 17 0 0 10 0 0 0 
35 9376 116 42 119 5 324 18 0 0 10 0 0 0 
36 9333 121 43 127 5 354 17 0 0 10 0 0 0 
37 9280 128 47 134 7 386 18 0 0 10 0 0 0 
38 9219 128 59 141 11 424 18 0 0 10 0 0 0 
39 9156 145 60 144 11 464 20 0 0 10 0 0 0 
40 9091 158 62 163 9 492 25 0 0 10 0 0 0 
41 9034 160 61 170 13 538 24 0 0 10 0 0 0 
42 8963 172 72 178 16 578 21 0 0 10 0 0 0 
43 8903 184 62 197 16 610 28 0 0 10 0 0 0 
44 8839 192 63 188 16 672 30 0 0 10 0 0 0 
45 8756 204 69 196 22 718 35 0 0 10 0 0 0 
46 8666 220 79 220 19 757 39 0 0 10 0 0 0 
47 8575 247 76 232 13 809 48 0 0 10 0 0 0 
48 8483 251 95 232 9 877 53 0 0 10 0 0 0 
49 8410 270 85 235 8 939 53 0 0 10 0 0 0 
50 8318 258 100 246 10 1018 50 0 0 10 0 0 0 
51 8227 269 98 258 13 1085 50 0 0 10 0 0 0 
52 8130 290 99 276 17 1137 51 0 0 10 0 0 0 
53 8028 291 105 287 17 1220 52 0 0 10 0 0 0 
54 7908 304 115 295 16 1309 53 0 0 10 0 0 0 
55 7790 333 113 319 12 1374 59 0 0 10 0 0 0 
56 7682 331 123 332 14 1459 59 0 0 10 0 0 0 
57 7564 351 121 345 14 1548 57 0 0 10 0 0 0 
58 7449 358 117 360 19 1637 60 0 0 10 0 0 0 
59 7345 357 128 364 21 1721 64 0 0 10 0 0 0 
60 7221 379 131 372 22 1807 68 0 0 10 0 0 0 
61 7088 384 142 379 13 1918 76 0 0 10 0 0 0 
62 6964 400 124 403 18 2020 71 4 6 0 9 0 0 
63 6850 404 121 401 19 2133 72 8 12 0 17 0 0 
64 6747 397 121 416 19 2234 66 12 18 0 25 0 0 
65 6652 402 109 426 18 2329 64 16 24 0 32 0 0 
66 6531 401 131 420 19 2435 63 20 30 0 41 0 0 
67 6431 392 126 436 19 2527 69 24 36 0 48 0 0 
68 6326 395 128 445 15 2618 73 28 42 0 56 0 0 
69 6222 387 131 438 15 2734 73 32 48 0 63 0 0 
70 6117 370 125 444 15 2857 72 36 54 0 70 0 0 
71 6013 380 107 439 20 2972 69 40 60 0 79 0 0 
72 5908 382 102 439 17 3089 63 44 66 0 87 0 0 
73 5813 382 92 439 11 3196 67 48 72 0 94 0 0 
74 5717 384 89 443 9 3287 71 52 78 0 103 0 0 
75 5617 372 88 434 16 3400 73 56 84 0 111 0 0 
76 5529 365 87 430 15 3501 73 60 90 0 110 0 0 
77 5444 352 79 430 18 3609 68 64 96 0 112 0 0 
78 5357 340 88 417 10 3716 72 68 102 0 111 0 0 
79 5297 319 71 414 12 3819 68 72 108 0 113 0 0 
80 5227 305 74 395 11 3923 65 76 114 0 113 0 0 
81 5158 297 74 392 11 4009 59 80 120 0 113 0 0 
82 5074 286 79 390 13 4095 63 84 126 0 113 0 0 
83 5018 262 74 377 13 4192 64 88 132 0 111 0 0 
84 4936 279 71 385 12 4254 63 92 138 0 113 0 0 
85 4861 287 71 380 8 4329 64 96 144 0 111 0 0 
86 4801 275 70 372 11 4409 62 100 150 0 110 0 0 
87 4738 260 70 362 16 4495 59 104 156 0 113 0 0 
88 4672 266 71 359 12 4557 63 108 162 0 113 0 0 
89 4603 260 68 361 11 4635 62 112 168 0 115 0 0 
90 4566 247 53 355 14 4709 56 116 174 0 117 0 0 
91 4519 235 56 326 10 4798 56 120 180 0 116 0 0 
92 4462 238 54 325 7 4861 53 124 186 0 115 0 0 
93 4421 211 49 323 8 4938 50 128 192 0 114 0 0 
94 4390 205 42 307 8 4999 49 132 198 0 113 0 0 
95 4356 194 40 292 10 5060 48 136 204 0 112 0 0 
96 4323 187 36 274 7 5126 47 140 210 0 111 0 0 
97 4291 174 41 261 3 5183 47 144 216 0 113 0 0 
98 4251 167 46 244 6 5242 44 148 222 0 113 0 0 
99 4224 158 38 237 6 5294 43 152 228 0 114 0 0 
100 4191 149 36 227 5 5346 46 156 234 0 114 0 0 
101 4162 150 32 220 5 5388 43 160 240 0 111 0 0 
102 4129 152 29 214 3 5431 42 164 246 0 110 0 0 
103 4105 141 21 209 5 5480 39 168 252 0 108 0 0 
104 4084 126 27 196 1 5526 40 172 258 0 108 0 0 
105 4049 127 38 187 3 5560 36 176 264 0 109 0 0 
106 4023 122 29 192 1 5596 37 180 270 0 109 0 0 
107 4004 113 29 182 3 5633 36 184 276 0 107 0 0 
108 3975 124 25 178 6 5660 32 188 282 0 106 0 0 
109 3943 126 29 178 3 5692 29 192 288 0 108 0 0 
110 3928 116 25 169 2 5732 28 196 294 0 111 0 0 
111 3911 114 23 155 1 5770 26 200 300 0 110 0 0 
112 3888 113 17 149 3 5806 24 204 306 0 112 0 0 
113 3874 107 17 145 1 5835 21 208 312 0 113 0 0 
114 3868 100 11 140 1 5859 21 212 318 0 112 0 0 
115 3853 97 13 129 1 5889 18 216 324 0 113 0 0 
116 3837 86 15 122 1 5920 19 220 330 0 115 0 0 
117 3825 73 12 115 2 5953 20 224 336 0 117 0 0 
118 3813 68 14 105 3 5979 18 228 342 0 119 0 0 
119 3800 66 13 102 3 5997 19 232 348 0 117 0 0 
120 3790 63 11 101 2 6014 19 236 354 0 114 0 0 
121 3778 62 8 92 4 6042 14 240 360 0 115 0 0 
122 3774 57 5 79 4 6067 14 244 366 0 117 0 0 
123 3765 53 5 75 3 6089 10 248 372 0 117 0 0 
124 3759 52 8 70 0 6098 13 252 378 0 113 0 0 
125 3754 47 8 60 1 6119 11 256 384 0 114 0 0 
126 3747 45 9 58 0 6132 9 260 390 0 110 0 0 
127 3740 45 6 57 0 6143 9 264 396 0 108 0 0 
128 3737 39 5 52 1 6157 9 268 402 0 108 0 0 
129 3731 36 7 47 1 6169 9 272 408 0 104 0 0 
130 3724 34 6 49 0 6177 10 276 414 0 100 0 0 
131 3721 31 3 44 1 6191 9 280 420 0 96 0 0 
132 3719 27 5 35 1 6204 9 284 426 0 89 0 0 
133 3715 28 5 34 1 6207 10 288 432 0 86 0 0 
134 3712 25 5 31 2 6215 10 292 438 0 83 0 0 
135 3708 25 5 26 1 6227 8 296 444 0 75 0 0 
136 3707 22 4 25 1 6234 7 300 450 0 67 0 0 
137 3705 21 4 23 0 6242 5 304 456 0 61 0 0 
138 3703 21 4 21 1 6245 5 308 462 0 55 0 0 
139 3703 17 1 19 0 6254 6 312 468 0 51 0 0 
140 3702 17 1 18 0 6256 6 316 474 0 46 0 0 
141 3699 19 0 16 0 6261 5 320 480 0 42 0 0 
142 3698 18 0 14 0 6266 4 324 486 0 36 0 0 
143 3697 15 0 12 0 6274 2 328 492 0 32 0 0 
144 3696 15 0 12 0 6275 2 332 498 0 26 0 0 
145 3695 14 0 12 0 6277 2 336 504 0 24 0 0 
146 3695 12 0 12 0 6279 2 340 510 0 23 0 0 
147 3694 12 0 12 0 6280 2 344 516 0 20 0 0 
148 3694 10 0 10 0 6285 1 348 522 0 19 0 0 
149 3693 10 0 9 0 6287 1 352 528 0 20 0 0 
150 3692 9 1 8 0 6289 1 356 534 0 19 0 0 
151 3691 9 1 8 0 6290 1 360 540 0 19 0 0 
152 3689 10 1 8 0 6291 1 364 546 0 18 0 0 
153 3687 10 3 6 0 6294 0 368 552 0 15 0 0 
154 3687 7 3 5 0 6298 0 372 558 0 14 0 0 
155 3687 6 3 5 0 6299 0 376 564 0 11 0 0 
156 3686 6 2 7 0 6299 0 380 570 0 16 0 0 
157 3686 6 1 7 0 6300 0 384 576 0 17 0 0 
158 3686 5 1 6 0 6302 0 388 582 0 16 0 0 
159 3686 5 1 5 0 6303 0 392 588 0 13 0 0 
160 3685 6 1 3 0 6305 0 396 594 0 13 0 0 
161 3685 4 0 4 0 6307 0 400 600 0 12 0 0 
162 3684 3 0 4 0 6309 0 404 606 0 11 0 0 
163 3683 2 1 4 0 6310 0 408 612 0 10 0 0 
164 3683 2 1 3 0 6311 0 412 618 0 11 0 0 
165 3682 3 0 4 0 6311 0 416 624 0 11 0 0 
166 3682 3 0 4 0 6311 0 420 630 0 11 0 0 
167 3682 3 0 4 0 6311 0 424 636 0 10 0 0 
168 3681 3 1 4 0 6311 0 428 642 0 10 0 0 
169 3681 3 1 4 0 6311 0 432 648 0 10 0 0 
170 3681 3 0 5 0 6311 0 436 654 0 6 0 0 
171 3681 3 0 4 0 6312 0 440 660 0 6 0 0 
172 3681 2 0 4 0 6313 0 444 666 0 6 0 0 
173 3681 0 0 3 0 6316 0 448 672 0 6 0 0 
174 3681 0 0 3 0 6316 0 452 678 0 6 0 0 
175 3681 0 0 3 0 6316 0 456 684 0 5 0 0 
176 3681 0 0 2 0 6317 0 460 690 0 5 0 0 
177 3681 0 0 2 0 6317 0 464 696 0 5 0 0 
178 3681 0 0 2 0 6317 0 468 702 0 4 0 0 
179 3681 0 0 2 0 6317 0 472 708 0 4 0 0 
180 3681 0 0 2 0 6317 0 476 714 0 5 0 0 
181 3681 0 0 2 0 6317 0 480 720 0 5 0 0 
182 3681 0 0 2 0 6317 0 484 726 0 4 0 0 
183 3681 0 0 2 0 6317 0 488 732 0 4 0 0 
184 3681 0 0 2 0 6317 0 492 738 0 3 0 0 
185 3681 0 0 2 0 6317 0 496 744 0 2 0 0 
186 3681 0 0 2 0 6317 0 500 750 0 2 0 0 
187 3681 0 0 2 0 6317 0 504 756 0 2 0 0 
188 3681 0 0 0 0 6319 0 508 762 0 2 0 0 
189 3681 0 0 0 0 6319 0 512 768 0 2 0 0 
190 3681 0 0 0 0 6319 0 516 774 0 2 0 0 
191 3681 0 0 0 0 6319 0 520 780 0 2 0 0 
192 3681 0 0 0 0 6319 0 524 786 0 2 0 0 
193 3681 0 0 0 0 6319 0 528 792 0 1 0 0 
194 3681 0 0 0 0 6319 0 532 798 0 0 0 0 
195 3681 0 0 0 0 6319 0 536 804 0 0 0 0 
196 3681 0 0 0 0 6319 0 540 810 0 0 0 0 
197 3681 0 0 0 0 6319 0 544 816 0 0 0 0 
198 3681 0 0 0 0 6319 0 548 822 0 0 0 0 
199 3681 0 0 0 0 6319 0 552 828 0 0 0 0 
