###### TEST LOG ####################
# Time taken               : 24.60 s
# Test Parameters: 
# 0.75 0.98 0.00 0.80
# 1.00 1.00 0.00 0.20
# Confined Less Infective? : True
# Homes Quarantined?       : False
# Quarantine when sampled? : False
# Testing Started When     : 20.00% recovered
# Fraction Tested Daily    : 0.10%
# LQ Tests Done in total   : 1046
# HQ Tests Done in total   : 154
# All Tests Done in total  : 1200
# Results Given in total   : 1200
# Locations Moved in total : 3966394
# Total recovered HCW      : 55
# Total HCW                : 65
# Rate Array: 
#     0 0.125 0.125     0     0     0     0 
#     0     0     0     0     0 0.143     0 
#     0     0     0 0.425 0.075     0     0 
#     0     0     0     0     0   0.1     0 
#     0     0     0     0     0   0.1   0.4 
#     0     0     0     0     0     0     0 
#     0     0     0     0     0   0.1     0 
###### END LOG #####################
#
# Day nS nA nP nMI nSI nR nH PCR_conducted_today RAT_conducted_today Tests_remaining_today Agents_currently_confined Quarantines_removed_today Locations_in_quarantine_today
0 9990 10 0 0 0 0 0 0 0 10 0 0 0 
1 9987 10 2 0 0 1 0 0 0 10 0 0 0 
2 9984 12 3 0 0 1 0 0 0 10 0 0 0 
3 9981 12 4 0 0 3 0 0 0 10 0 0 0 
4 9980 11 1 3 0 5 0 0 0 10 0 0 0 
5 9979 11 2 2 0 6 0 0 0 10 0 0 0 
6 9978 9 2 3 0 8 0 0 0 10 0 0 0 
7 9976 7 3 2 0 12 0 0 0 10 0 0 0 
8 9973 9 3 2 0 13 0 0 0 10 0 0 0 
9 9970 10 2 3 0 15 0 0 0 10 0 0 0 
10 9967 11 2 3 0 17 0 0 0 10 0 0 0 
11 9963 10 5 3 0 19 0 0 0 10 0 0 0 
12 9961 12 2 5 0 20 0 0 0 10 0 0 0 
13 9956 12 3 7 0 22 0 0 0 10 0 0 0 
14 9954 11 2 9 0 24 0 0 0 10 0 0 0 
15 9950 13 3 9 0 25 0 0 0 10 0 0 0 
16 9944 16 2 11 0 27 0 0 0 10 0 0 0 
17 9937 18 3 13 0 29 0 0 0 10 0 0 0 
18 9932 20 4 13 0 31 0 0 0 10 0 0 0 
19 9928 21 4 13 0 34 0 0 0 10 0 0 0 
20 9923 22 3 11 0 41 0 0 0 10 0 0 0 
21 9920 20 3 11 0 46 0 0 0 10 0 0 0 
22 9912 23 7 11 0 47 0 0 0 10 0 0 0 
23 9905 21 8 13 1 52 0 0 0 10 0 0 0 
24 9898 19 7 16 2 58 0 0 0 10 0 0 0 
25 9891 19 8 13 1 67 1 0 0 10 0 0 0 
26 9883 15 13 12 1 75 1 0 0 10 0 0 0 
27 9875 19 12 15 0 78 1 0 0 10 0 0 0 
28 9866 21 14 17 0 80 2 0 0 10 0 0 0 
29 9850 29 14 20 1 84 2 0 0 10 0 0 0 
30 9836 33 15 22 0 92 2 0 0 10 0 0 0 
31 9827 34 13 22 1 100 3 0 0 10 0 0 0 
32 9816 36 9 31 1 104 3 0 0 10 0 0 0 
33 9796 40 13 30 1 118 2 0 0 10 0 0 0 
34 9782 43 14 30 1 128 2 0 0 10 0 0 0 
35 9766 42 20 33 1 136 2 0 0 10 0 0 0 
36 9752 40 17 38 1 149 3 0 0 10 0 0 0 
37 9738 43 15 40 2 159 3 0 0 10 0 0 0 
38 9720 50 14 45 2 166 3 0 0 10 0 0 0 
39 9697 54 19 44 3 180 3 0 0 10 0 0 0 
40 9673 57 24 47 1 193 5 0 0 10 0 0 0 
41 9637 66 30 55 3 205 4 0 0 10 0 0 0 
42 9607 72 36 60 6 216 3 0 0 10 0 0 0 
43 9571 75 33 71 5 239 6 0 0 10 0 0 0 
44 9560 70 24 76 3 259 8 0 0 10 0 0 0 
45 9536 77 19 81 2 279 6 0 0 10 0 0 0 
46 9502 74 26 87 2 303 6 0 0 10 0 0 0 
47 9478 81 22 90 3 321 5 0 0 10 0 0 0 
48 9441 88 31 87 2 345 6 0 0 10 0 0 0 
49 9399 96 36 92 2 368 7 0 0 10 0 0 0 
50 9369 99 37 95 1 390 9 0 0 10 0 0 0 
51 9341 99 40 97 1 411 11 0 0 10 0 0 0 
52 9294 116 38 104 2 434 12 0 0 10 0 0 0 
53 9243 122 46 107 4 468 10 0 0 10 0 0 0 
54 9191 127 45 120 6 501 10 0 0 10 0 0 0 
55 9143 132 47 124 3 542 9 0 0 10 0 0 0 
56 9085 142 56 132 2 572 11 0 0 10 0 0 0 
57 9027 152 57 148 4 599 13 0 0 10 0 0 0 
58 8978 154 54 158 7 637 12 0 0 10 0 0 0 
59 8916 163 58 163 10 677 13 0 0 10 0 0 0 
60 8857 166 60 178 11 713 15 0 0 10 0 0 0 
61 8792 174 62 194 13 751 14 0 0 10 0 0 0 
62 8712 182 66 207 14 803 16 0 0 10 0 0 0 
63 8632 196 69 219 11 852 21 0 0 10 0 0 0 
64 8555 206 69 231 14 899 26 0 0 10 0 0 0 
65 8484 226 65 236 14 948 27 0 0 10 0 0 0 
66 8411 235 62 249 13 999 31 0 0 10 0 0 0 
67 8333 239 66 251 13 1065 33 0 0 10 0 0 0 
68 8255 249 67 255 12 1126 36 0 0 10 0 0 0 
69 8176 265 68 251 12 1193 35 0 0 10 0 0 0 
70 8085 270 75 269 12 1255 34 0 0 10 0 0 0 
71 7992 275 91 272 15 1323 32 0 0 10 0 0 0 
72 7888 291 106 278 11 1389 37 0 0 10 0 0 0 
73 7796 309 98 280 12 1467 38 0 0 10 0 0 0 
74 7694 316 108 287 8 1545 42 0 0 10 0 0 0 
75 7584 330 90 317 13 1624 42 0 0 10 0 0 0 
76 7492 324 88 334 13 1707 42 0 0 10 0 0 0 
77 7397 332 90 340 11 1785 45 0 0 10 0 0 0 
78 7287 342 102 349 11 1859 50 0 0 10 0 0 0 
79 7161 333 122 363 15 1956 50 0 0 10 0 0 0 
80 7038 353 127 365 16 2048 53 1 9 0 9 0 0 
81 6922 356 127 374 16 2150 55 2 18 0 15 0 0 
82 6805 370 109 398 15 2247 56 3 27 0 24 0 0 
83 6716 370 97 402 13 2347 55 4 36 0 32 0 0 
84 6617 375 105 392 10 2444 57 5 45 0 41 0 0 
85 6518 375 107 394 8 2543 55 6 54 0 49 0 0 
86 6395 392 121 391 13 2632 56 7 63 0 57 0 0 
87 6303 373 117 406 14 2731 56 8 72 0 66 0 0 
88 6198 374 113 417 12 2831 55 9 81 0 74 0 0 
89 6110 376 97 436 11 2913 57 10 90 0 81 0 0 
90 6016 379 97 432 12 3004 60 11 99 0 91 0 0 
91 5913 383 105 441 12 3084 62 12 108 0 96 0 0 
92 5815 394 103 444 9 3173 62 13 117 0 104 0 0 
93 5726 389 91 447 10 3278 59 14 126 0 113 0 0 
94 5637 376 97 435 7 3389 59 15 135 0 113 0 0 
95 5534 377 107 439 10 3481 52 16 144 0 113 0 0 
96 5442 369 106 438 11 3582 52 17 153 0 110 0 0 
97 5359 365 86 458 12 3667 53 18 162 0 109 0 0 
98 5248 365 102 464 10 3760 51 19 171 0 105 0 0 
99 5176 343 99 444 12 3877 49 20 180 0 106 0 0 
100 5105 340 92 433 12 3971 47 21 189 0 106 0 0 
101 5024 341 80 422 17 4068 48 22 198 0 105 0 0 
102 4940 319 83 410 20 4181 47 23 207 0 103 0 0 
103 4865 312 87 387 18 4281 50 24 216 0 104 0 0 
104 4803 303 82 377 9 4370 56 25 225 0 99 0 0 
105 4745 292 72 362 11 4464 54 26 234 0 103 0 0 
106 4686 279 72 352 10 4551 50 27 243 0 102 0 0 
107 4633 265 66 336 11 4642 47 28 252 0 101 0 0 
108 4586 258 54 335 12 4708 47 29 261 0 100 0 0 
109 4536 232 63 317 11 4795 46 30 270 0 103 0 0 
110 4488 212 63 306 10 4878 43 31 279 0 106 0 0 
111 4441 205 61 289 11 4947 46 32 288 0 108 0 0 
112 4393 204 54 288 12 5004 45 33 297 0 112 0 0 
113 4349 203 47 282 8 5068 43 34 306 0 112 0 0 
114 4308 195 42 283 9 5126 37 35 315 0 111 0 0 
115 4271 187 43 268 8 5184 39 36 324 0 112 0 0 
116 4236 170 40 262 9 5246 37 37 333 0 114 0 0 
117 4201 175 38 253 6 5290 37 38 342 0 114 0 0 
118 4172 163 36 231 7 5358 33 39 351 0 115 0 0 
119 4135 163 37 227 6 5400 32 40 360 0 113 0 0 
120 4091 168 37 219 6 5448 31 41 369 0 115 0 0 
121 4040 172 50 214 5 5490 29 42 378 0 116 0 0 
122 4013 160 38 213 4 5543 29 43 387 0 114 0 0 
123 3982 158 29 216 6 5581 28 44 396 0 111 0 0 
124 3956 144 30 210 5 5625 30 45 405 0 109 0 0 
125 3933 132 30 202 7 5667 29 46 414 0 111 0 0 
126 3909 113 35 196 5 5713 29 47 423 0 109 0 0 
127 3883 109 37 187 5 5752 27 48 432 0 108 0 0 
128 3854 106 31 182 8 5795 24 49 441 0 105 0 0 
129 3836 97 24 179 6 5832 26 50 450 0 102 0 0 
130 3808 97 30 166 6 5867 26 51 459 0 100 0 0 
131 3793 89 25 166 5 5898 24 52 468 0 98 0 0 
132 3772 89 25 151 7 5932 24 53 477 0 99 0 0 
133 3759 88 22 144 3 5957 27 54 486 0 101 0 0 
134 3752 82 16 136 1 5985 28 55 495 0 101 0 0 
135 3738 79 17 132 2 6006 26 56 504 0 103 0 0 
136 3719 75 17 128 4 6037 20 57 513 0 104 0 0 
137 3710 76 9 123 7 6058 17 58 522 0 107 0 0 
138 3695 72 12 113 6 6084 18 59 531 0 109 0 0 
139 3683 68 15 105 3 6108 18 60 540 0 109 0 0 
140 3667 70 10 102 3 6130 18 61 549 0 110 0 0 
141 3659 63 13 95 2 6150 18 62 558 0 111 0 0 
142 3652 59 12 89 2 6171 15 63 567 0 115 0 0 
143 3644 53 6 82 4 6197 14 64 576 0 117 0 0 
144 3640 51 3 74 4 6214 14 65 585 0 120 0 0 
145 3637 48 3 71 2 6225 14 66 594 0 119 0 0 
146 3635 42 2 65 1 6241 14 67 603 0 120 0 0 
147 3631 35 3 62 0 6254 15 69 611 0 113 0 0 
148 3628 32 4 57 0 6266 13 70 620 0 105 0 0 
149 3624 32 3 52 0 6276 13 71 629 0 98 0 0 
150 3621 30 2 51 0 6285 11 73 637 0 95 0 0 
151 3615 29 3 44 0 6299 10 75 645 0 87 0 0 
152 3614 24 3 39 0 6311 9 76 654 0 80 0 0 
153 3610 23 2 39 0 6317 9 77 663 0 74 0 0 
154 3610 22 2 32 0 6325 9 79 671 0 67 0 0 
155 3609 19 1 32 0 6331 8 81 679 0 63 0 0 
156 3606 21 1 30 0 6335 7 83 687 0 56 0 0 
157 3605 15 2 27 0 6344 7 85 695 0 52 0 0 
158 3603 13 2 26 0 6350 6 87 703 0 47 0 0 
159 3601 10 2 25 0 6356 6 89 711 0 41 0 0 
160 3600 10 1 26 0 6358 5 91 719 0 35 0 0 
161 3600 10 0 24 1 6362 3 92 728 0 35 0 0 
162 3600 10 0 22 1 6364 3 94 736 0 33 0 0 
163 3600 8 0 18 0 6372 2 96 744 0 30 0 0 
164 3600 5 0 17 0 6376 2 97 753 0 27 0 0 
165 3600 3 0 16 0 6379 2 99 761 0 27 0 0 
166 3600 3 0 16 0 6380 1 100 770 0 27 0 0 
167 3600 2 0 15 0 6382 1 102 778 0 24 0 0 
168 3600 2 0 11 0 6386 1 104 786 0 24 0 0 
169 3600 2 0 11 0 6386 1 106 794 0 22 0 0 
170 3600 2 0 10 0 6387 1 108 802 0 22 0 0 
171 3600 1 0 9 0 6389 1 110 810 0 19 0 0 
172 3598 3 0 9 0 6389 1 112 818 0 19 0 0 
173 3598 3 0 9 0 6389 1 114 826 0 18 0 0 
174 3598 2 0 9 0 6391 0 116 834 0 15 0 0 
175 3598 1 0 9 0 6392 0 117 843 0 11 0 0 
176 3597 2 0 8 0 6393 0 119 851 0 12 0 0 
177 3597 2 0 8 0 6393 0 121 859 0 12 0 0 
178 3597 2 0 8 0 6393 0 123 867 0 11 0 0 
179 3597 1 0 7 0 6395 0 124 876 0 10 0 0 
180 3597 0 0 7 0 6396 0 126 884 0 9 0 0 
181 3597 0 0 6 0 6397 0 127 893 0 11 0 0 
182 3597 0 0 6 0 6397 0 129 901 0 10 0 0 
183 3597 0 0 6 0 6397 0 130 910 0 10 0 0 
184 3597 0 0 6 0 6397 0 132 918 0 9 0 0 
185 3597 0 0 6 0 6397 0 134 926 0 8 0 0 
186 3597 0 0 6 0 6397 0 135 935 0 6 0 0 
187 3597 0 0 6 0 6397 0 136 944 0 8 0 0 
188 3597 0 0 6 0 6397 0 137 953 0 10 0 0 
189 3597 0 0 5 0 6398 0 138 962 0 10 0 0 
190 3597 0 0 5 0 6398 0 140 970 0 9 0 0 
191 3597 0 0 4 0 6399 0 141 979 0 10 0 0 
192 3597 0 0 3 0 6400 0 143 987 0 10 0 0 
193 3597 0 0 2 0 6401 0 145 995 0 10 0 0 
194 3597 0 0 2 0 6401 0 146 1004 0 9 0 0 
195 3597 0 0 2 0 6401 0 148 1012 0 7 0 0 
196 3597 0 0 2 0 6401 0 149 1021 0 7 0 0 
197 3597 0 0 2 0 6401 0 150 1030 0 5 0 0 
198 3597 0 0 2 0 6401 0 152 1038 0 5 0 0 
199 3597 0 0 2 0 6401 0 154 1046 0 5 0 0 
