###### TEST LOG ####################
# Time taken               : 27.61 s
# Test Parameters: 
# 0.95 0.98 0.00 0.00
# 1.00 1.00 0.00 1.00
# Confined Less Infective? : True
# Homes Quarantined?       : False
# Quarantine when sampled? : False
# Testing Started When     : 20.00% recovered
# Fraction Tested Daily    : 0.50%
# LQ Tests Done in total   : 0
# HQ Tests Done in total   : 5500
# All Tests Done in total  : 5500
# Results Given in total   : 5500
# Locations Moved in total : 3954539
# Total recovered HCW      : 51
# Total HCW                : 94
# Rate Array: 
#     0 0.125 0.125     0     0     0     0 
#     0     0     0     0     0 0.143     0 
#     0     0     0 0.425 0.075     0     0 
#     0     0     0     0     0   0.1     0 
#     0     0     0     0     0   0.1   0.4 
#     0     0     0     0     0     0     0 
#     0     0     0     0     0   0.1     0 
###### END LOG #####################
#
# Day nS nA nP nMI nSI nR nH PCR_conducted_today RAT_conducted_today Tests_remaining_today Agents_currently_confined Quarantines_removed_today Locations_in_quarantine_today
0 9990 10 0 0 0 0 0 0 0 50 0 0 0 
1 9989 7 1 0 0 3 0 0 0 50 0 0 0 
2 9988 8 0 1 0 3 0 0 0 50 0 0 0 
3 9984 9 3 1 0 3 0 0 0 50 0 0 0 
4 9978 12 3 1 0 6 0 0 0 50 0 0 0 
5 9976 11 3 2 0 8 0 0 0 50 0 0 0 
6 9972 7 5 3 0 13 0 0 0 50 0 0 0 
7 9967 7 7 3 0 16 0 0 0 50 0 0 0 
8 9964 6 4 7 0 19 0 0 0 50 0 0 0 
9 9962 6 1 10 0 21 0 0 0 50 0 0 0 
10 9958 6 1 7 0 28 0 0 0 50 0 0 0 
11 9958 6 1 7 0 28 0 0 0 50 0 0 0 
12 9953 7 1 9 0 30 0 0 0 50 0 0 0 
13 9948 9 2 9 0 32 0 0 0 50 0 0 0 
14 9947 9 2 8 0 34 0 0 0 50 0 0 0 
15 9940 9 5 9 0 37 0 0 0 50 0 0 0 
16 9935 12 2 11 1 39 0 0 0 50 0 0 0 
17 9934 11 2 10 0 42 1 0 0 50 0 0 0 
18 9931 10 2 12 0 45 0 0 0 50 0 0 0 
19 9929 9 2 11 0 49 0 0 0 50 0 0 0 
20 9926 11 1 11 0 51 0 0 0 50 0 0 0 
21 9922 12 3 10 0 53 0 0 0 50 0 0 0 
22 9917 15 3 9 1 55 0 0 0 50 0 0 0 
23 9912 17 3 10 1 57 0 0 0 50 0 0 0 
24 9911 13 2 11 0 62 1 0 0 50 0 0 0 
25 9906 12 5 10 0 66 1 0 0 50 0 0 0 
26 9905 11 4 10 0 69 1 0 0 50 0 0 0 
27 9899 12 4 12 0 72 1 0 0 50 0 0 0 
28 9895 11 3 12 0 78 1 0 0 50 0 0 0 
29 9884 14 8 13 0 81 0 0 0 50 0 0 0 
30 9878 14 6 14 1 87 0 0 0 50 0 0 0 
31 9875 13 5 17 2 88 0 0 0 50 0 0 0 
32 9869 15 6 17 1 92 0 0 0 50 0 0 0 
33 9862 16 6 18 2 95 1 0 0 50 0 0 0 
34 9856 17 9 17 1 100 0 0 0 50 0 0 0 
35 9842 24 11 18 2 103 0 0 0 50 0 0 0 
36 9829 27 14 22 1 105 2 0 0 50 0 0 0 
37 9818 28 14 25 0 113 2 0 0 50 0 0 0 
38 9804 30 15 29 1 120 1 0 0 50 0 0 0 
39 9792 34 12 32 2 126 2 0 0 50 0 0 0 
40 9785 33 13 28 1 139 1 0 0 50 0 0 0 
41 9765 43 11 29 2 149 1 0 0 50 0 0 0 
42 9749 37 18 34 2 159 1 0 0 50 0 0 0 
43 9733 38 13 37 2 175 2 0 0 50 0 0 0 
44 9717 41 15 39 1 183 4 0 0 50 0 0 0 
45 9705 40 16 41 0 194 4 0 0 50 0 0 0 
46 9685 45 17 46 1 202 4 0 0 50 0 0 0 
47 9671 49 16 47 1 212 4 0 0 50 0 0 0 
48 9647 59 20 49 0 221 4 0 0 50 0 0 0 
49 9625 60 28 46 0 237 4 0 0 50 0 0 0 
50 9599 66 29 50 0 252 4 0 0 50 0 0 0 
51 9574 68 28 56 4 266 4 0 0 50 0 0 0 
52 9547 77 25 59 2 285 5 0 0 50 0 0 0 
53 9525 72 26 64 0 308 5 0 0 50 0 0 0 
54 9494 80 26 71 2 323 4 0 0 50 0 0 0 
55 9462 83 29 79 3 340 4 0 0 50 0 0 0 
56 9430 95 24 89 1 356 5 0 0 50 0 0 0 
57 9403 92 28 93 2 378 4 0 0 50 0 0 0 
58 9369 101 28 95 3 400 4 0 0 50 0 0 0 
59 9329 114 31 97 3 422 4 0 0 50 0 0 0 
60 9297 122 34 94 4 445 4 0 0 50 0 0 0 
61 9252 132 33 99 6 473 5 0 0 50 0 0 0 
62 9211 131 39 101 7 504 7 0 0 50 0 0 0 
63 9163 134 47 108 4 534 10 0 0 50 0 0 0 
64 9131 132 38 120 4 565 10 0 0 50 0 0 0 
65 9084 124 44 121 7 610 10 0 0 50 0 0 0 
66 9030 133 46 135 5 637 14 0 0 50 0 0 0 
67 8987 136 49 132 6 678 12 0 0 50 0 0 0 
68 8930 150 59 141 6 700 14 0 0 50 0 0 0 
69 8869 161 67 147 5 738 13 0 0 50 0 0 0 
70 8804 168 63 152 6 794 13 0 0 50 0 0 0 
71 8739 180 58 164 7 840 12 0 0 50 0 0 0 
72 8683 181 54 176 9 884 13 0 0 50 0 0 0 
73 8618 183 58 188 8 927 18 0 0 50 0 0 0 
74 8542 192 61 211 7 970 17 0 0 50 0 0 0 
75 8470 199 67 217 7 1020 20 0 0 50 0 0 0 
76 8400 207 62 223 5 1081 22 0 0 50 0 0 0 
77 8324 220 63 231 6 1135 21 0 0 50 0 0 0 
78 8249 224 68 237 5 1196 21 0 0 50 0 0 0 
79 8174 221 71 249 11 1253 21 0 0 50 0 0 0 
80 8095 230 72 247 12 1320 24 0 0 50 0 0 0 
81 8014 241 80 260 10 1367 28 0 0 50 0 0 0 
82 7927 256 82 264 11 1431 29 0 0 50 0 0 0 
83 7826 273 76 281 14 1500 30 0 0 50 0 0 0 
84 7732 288 91 270 13 1569 37 0 0 50 0 0 0 
85 7647 290 91 282 14 1641 35 0 0 50 0 0 0 
86 7558 296 95 288 17 1709 37 0 0 50 0 0 0 
87 7445 317 106 297 15 1779 41 0 0 50 0 0 0 
88 7336 319 124 296 19 1864 42 0 0 50 0 0 0 
89 7210 322 135 322 20 1947 44 0 0 50 0 0 0 
90 7096 323 124 349 21 2042 45 50 0 0 50 0 0 
91 6987 338 120 351 22 2134 48 100 0 0 100 0 0 
92 6897 345 97 366 24 2220 51 150 0 0 148 0 0 
93 6789 350 101 375 26 2309 50 200 0 0 197 0 0 
94 6698 337 100 390 19 2405 51 250 0 0 246 0 0 
95 6623 338 82 388 17 2499 53 300 0 0 295 0 0 
96 6534 333 75 399 20 2585 54 350 0 0 342 0 0 
97 6445 307 95 396 17 2692 48 400 0 0 390 0 0 
98 6397 279 72 394 11 2796 51 450 0 0 436 0 0 
99 6334 271 67 379 12 2889 48 500 0 0 486 0 0 
100 6287 254 64 365 12 2972 46 550 0 0 535 0 0 
101 6247 236 57 353 10 3052 45 600 0 0 583 0 0 
102 6203 223 50 331 15 3135 43 650 0 0 630 0 0 
103 6168 206 46 310 13 3210 47 700 0 0 644 0 0 
104 6143 195 31 301 6 3278 46 750 0 0 613 0 0 
105 6109 177 35 287 5 3345 42 800 0 0 586 0 0 
106 6087 174 28 276 7 3386 42 850 0 0 561 0 0 
107 6060 162 29 258 7 3444 40 900 0 0 536 0 0 
108 6039 150 30 244 6 3494 37 950 0 0 508 0 0 
109 6016 135 30 229 8 3550 32 1000 0 0 483 0 0 
110 5995 128 25 217 7 3598 30 1050 0 0 455 0 0 
111 5974 120 25 204 5 3643 29 1100 0 0 420 0 0 
112 5960 108 24 189 5 3683 31 1150 0 0 383 0 0 
113 5945 101 22 176 5 3722 29 1200 0 0 358 0 0 
114 5923 96 17 176 5 3754 29 1250 0 0 334 0 0 
115 5906 89 18 160 5 3793 29 1300 0 0 302 0 0 
116 5884 88 23 156 3 3817 29 1350 0 0 272 0 0 
117 5866 84 19 150 5 3849 27 1400 0 0 275 0 0 
118 5852 75 21 147 3 3879 23 1450 0 0 261 0 0 
119 5840 72 18 146 4 3900 20 1500 0 0 249 0 0 
120 5833 66 8 145 4 3924 20 1550 0 0 248 0 0 
121 5819 61 12 132 2 3952 22 1600 0 0 233 0 0 
122 5809 60 12 132 2 3966 19 1650 0 0 224 0 0 
123 5806 56 10 121 1 3988 18 1700 0 0 208 0 0 
124 5800 51 9 111 1 4009 19 1750 0 0 191 0 0 
125 5791 49 8 104 2 4031 15 1800 0 0 184 0 0 
126 5782 49 7 99 2 4047 14 1850 0 0 184 0 0 
127 5777 48 6 91 2 4063 13 1900 0 0 165 0 0 
128 5772 47 5 87 1 4074 14 1950 0 0 150 0 0 
129 5768 39 4 80 1 4094 14 2000 0 0 140 0 0 
130 5760 39 3 75 1 4110 12 2050 0 0 133 0 0 
131 5753 38 5 68 1 4124 11 2100 0 0 123 0 0 
132 5747 31 6 64 1 4140 11 2150 0 0 121 0 0 
133 5743 30 6 63 1 4146 11 2200 0 0 113 0 0 
134 5741 22 5 62 2 4157 11 2250 0 0 98 0 0 
135 5739 18 3 57 1 4174 8 2300 0 0 97 0 0 
136 5736 18 1 54 0 4182 9 2350 0 0 92 0 0 
137 5734 16 2 50 0 4189 9 2400 0 0 85 0 0 
138 5734 12 2 42 0 4202 8 2450 0 0 82 0 0 
139 5733 12 1 38 0 4212 4 2500 0 0 77 0 0 
140 5731 11 3 36 0 4215 4 2550 0 0 67 0 0 
141 5730 9 1 34 0 4222 4 2600 0 0 71 0 0 
142 5727 9 3 29 0 4229 3 2650 0 0 61 0 0 
143 5726 8 3 26 0 4234 3 2700 0 0 59 0 0 
144 5726 6 3 22 0 4240 3 2750 0 0 51 0 0 
145 5726 6 2 20 0 4243 3 2800 0 0 47 0 0 
146 5726 3 1 19 0 4248 3 2850 0 0 43 0 0 
147 5723 4 2 19 0 4250 2 2900 0 0 42 0 0 
148 5723 3 2 19 0 4251 2 2950 0 0 38 0 0 
149 5722 4 1 20 0 4251 2 3000 0 0 32 0 0 
150 5722 2 0 16 0 4258 2 3050 0 0 30 0 0 
151 5722 2 0 16 0 4259 1 3100 0 0 31 0 0 
152 5722 2 0 14 0 4261 1 3150 0 0 29 0 0 
153 5722 2 0 14 0 4261 1 3200 0 0 27 0 0 
154 5722 2 0 12 0 4263 1 3250 0 0 26 0 0 
155 5722 2 0 10 0 4265 1 3300 0 0 19 0 0 
156 5720 2 2 9 0 4266 1 3350 0 0 21 0 0 
157 5720 2 2 8 0 4267 1 3400 0 0 18 0 0 
158 5720 2 2 8 0 4267 1 3450 0 0 19 0 0 
159 5720 2 1 8 0 4268 1 3500 0 0 16 0 0 
160 5720 2 1 8 0 4268 1 3550 0 0 14 0 0 
161 5719 2 1 7 0 4270 1 3600 0 0 12 0 0 
162 5719 0 1 7 0 4272 1 3650 0 0 11 0 0 
163 5719 0 1 7 0 4272 1 3700 0 0 10 0 0 
164 5719 0 0 8 0 4272 1 3750 0 0 9 0 0 
165 5719 0 0 7 0 4274 0 3800 0 0 9 0 0 
166 5719 0 0 7 0 4274 0 3850 0 0 9 0 0 
167 5719 0 0 6 0 4275 0 3900 0 0 9 0 0 
168 5719 0 0 6 0 4275 0 3950 0 0 8 0 0 
169 5719 0 0 4 0 4277 0 4000 0 0 8 0 0 
170 5719 0 0 4 0 4277 0 4050 0 0 6 0 0 
171 5719 0 0 3 0 4278 0 4100 0 0 6 0 0 
172 5719 0 0 3 0 4278 0 4150 0 0 5 0 0 
173 5719 0 0 3 0 4278 0 4200 0 0 4 0 0 
174 5718 1 0 2 0 4279 0 4250 0 0 5 0 0 
175 5718 1 0 2 0 4279 0 4300 0 0 5 0 0 
176 5718 1 0 2 0 4279 0 4350 0 0 5 0 0 
177 5718 0 0 2 0 4280 0 4400 0 0 4 0 0 
178 5718 0 0 1 0 4281 0 4450 0 0 2 0 0 
179 5718 0 0 1 0 4281 0 4500 0 0 1 0 0 
180 5718 0 0 1 0 4281 0 4550 0 0 2 0 0 
181 5718 0 0 1 0 4281 0 4600 0 0 2 0 0 
182 5718 0 0 1 0 4281 0 4650 0 0 2 0 0 
183 5718 0 0 1 0 4281 0 4700 0 0 2 0 0 
184 5718 0 0 1 0 4281 0 4750 0 0 2 0 0 
185 5718 0 0 1 0 4281 0 4800 0 0 2 0 0 
186 5718 0 0 0 0 4282 0 4850 0 0 2 0 0 
187 5718 0 0 0 0 4282 0 4900 0 0 2 0 0 
188 5718 0 0 0 0 4282 0 4950 0 0 1 0 0 
189 5718 0 0 0 0 4282 0 5000 0 0 1 0 0 
190 5718 0 0 0 0 4282 0 5050 0 0 1 0 0 
191 5718 0 0 0 0 4282 0 5100 0 0 1 0 0 
192 5718 0 0 0 0 4282 0 5150 0 0 1 0 0 
193 5718 0 0 0 0 4282 0 5200 0 0 1 0 0 
194 5718 0 0 0 0 4282 0 5250 0 0 0 0 0 
195 5718 0 0 0 0 4282 0 5300 0 0 0 0 0 
196 5718 0 0 0 0 4282 0 5350 0 0 0 0 0 
197 5718 0 0 0 0 4282 0 5400 0 0 0 0 0 
198 5718 0 0 0 0 4282 0 5450 0 0 0 0 0 
199 5718 0 0 0 0 4282 0 5500 0 0 0 0 0 
