###### TEST LOG ####################
# Time taken               : 29.89 s
# Test Parameters: 
# 0.95 0.98 0.00 1.00
# 1.00 1.00 0.00 0.00
# Confined Less Infective? : True
# Homes Quarantined?       : False
# Quarantine when sampled? : False
# Testing Started When     : 20.00% recovered
# Fraction Tested Daily    : 0.10%
# LQ Tests Done in total   : 1270
# HQ Tests Done in total   : 0
# All Tests Done in total  : 1270
# Results Given in total   : 1270
# Locations Moved in total : 3965321
# Total recovered HCW      : 81
# Total HCW                : 100
# Rate Array: 
#     0 0.125 0.125     0     0     0     0 
#     0     0     0     0     0 0.143     0 
#     0     0     0 0.425 0.075     0     0 
#     0     0     0     0     0   0.1     0 
#     0     0     0     0     0   0.1   0.4 
#     0     0     0     0     0     0     0 
#     0     0     0     0     0   0.1     0 
###### END LOG #####################
#
# Day nS nA nP nMI nSI nR nH PCR_conducted_today RAT_conducted_today Tests_remaining_today Agents_currently_confined Quarantines_removed_today Locations_in_quarantine_today
0 9990 10 0 0 0 0 0 0 0 10 0 0 0 
1 9989 10 0 0 0 1 0 0 0 10 0 0 0 
2 9986 12 0 0 0 2 0 0 0 10 0 0 0 
3 9983 10 1 0 0 6 0 0 0 10 0 0 0 
4 9983 8 1 0 0 8 0 0 0 10 0 0 0 
5 9978 9 4 0 0 9 0 0 0 10 0 0 0 
6 9973 11 5 1 0 10 0 0 0 10 0 0 0 
7 9969 14 5 1 0 11 0 0 0 10 0 0 0 
8 9966 15 4 3 0 12 0 0 0 10 0 0 0 
9 9964 13 4 5 0 14 0 0 0 10 0 0 0 
10 9958 16 6 6 0 14 0 0 0 10 0 0 0 
11 9952 16 4 10 1 17 0 0 0 10 0 0 0 
12 9950 16 2 12 1 19 0 0 0 10 0 0 0 
13 9943 16 4 13 2 22 0 0 0 10 0 0 0 
14 9940 15 4 13 2 25 1 0 0 10 0 0 0 
15 9935 14 8 10 2 31 0 0 0 10 0 0 0 
16 9924 17 9 14 2 33 1 0 0 10 0 0 0 
17 9911 24 8 18 2 36 1 0 0 10 0 0 0 
18 9898 26 8 23 1 41 3 0 0 10 0 0 0 
19 9880 32 11 29 0 44 4 0 0 10 0 0 0 
20 9869 32 11 32 0 52 4 0 0 10 0 0 0 
21 9858 34 10 36 0 58 4 0 0 10 0 0 0 
22 9847 29 15 35 0 70 4 0 0 10 0 0 0 
23 9837 29 14 35 2 79 4 0 0 10 0 0 0 
24 9824 30 14 39 2 87 4 0 0 10 0 0 0 
25 9805 41 20 37 2 91 4 0 0 10 0 0 0 
26 9783 46 21 42 2 102 4 0 0 10 0 0 0 
27 9767 41 18 49 1 119 5 0 0 10 0 0 0 
28 9753 41 18 51 1 130 6 0 0 10 0 0 0 
29 9728 47 21 51 2 145 6 0 0 10 0 0 0 
30 9706 48 23 56 2 159 6 0 0 10 0 0 0 
31 9674 50 27 64 5 175 5 0 0 10 0 0 0 
32 9653 55 25 65 7 189 6 0 0 10 0 0 0 
33 9638 53 19 72 4 204 10 0 0 10 0 0 0 
34 9613 54 19 75 2 224 13 0 0 10 0 0 0 
35 9592 56 24 76 2 239 11 0 0 10 0 0 0 
36 9561 62 21 83 2 261 10 0 0 10 0 0 0 
37 9533 72 17 86 3 280 9 0 0 10 0 0 0 
38 9501 73 28 80 2 306 10 0 0 10 0 0 0 
39 9483 69 27 82 1 328 10 0 0 10 0 0 0 
40 9453 75 20 94 4 344 10 0 0 10 0 0 0 
41 9425 82 23 94 5 360 11 0 0 10 0 0 0 
42 9387 88 32 98 7 377 11 0 0 10 0 0 0 
43 9358 87 35 93 4 410 13 0 0 10 0 0 0 
44 9312 98 44 97 6 430 13 0 0 10 0 0 0 
45 9255 103 50 115 5 458 14 0 0 10 0 0 0 
46 9213 113 39 128 11 482 14 0 0 10 0 0 0 
47 9165 124 36 137 9 511 18 0 0 10 0 0 0 
48 9121 129 29 142 7 554 18 0 0 10 0 0 0 
49 9069 140 37 140 6 590 18 0 0 10 0 0 0 
50 9023 138 40 141 4 634 20 0 0 10 0 0 0 
51 8961 150 48 146 7 669 19 0 0 10 0 0 0 
52 8903 151 52 152 7 716 19 0 0 10 0 0 0 
53 8841 162 62 150 7 762 16 0 0 10 0 0 0 
54 8786 181 57 160 5 794 17 0 0 10 0 0 0 
55 8722 192 55 179 8 829 15 0 0 10 0 0 0 
56 8647 198 63 191 7 880 14 0 0 10 0 0 0 
57 8584 216 57 197 6 924 16 0 0 10 0 0 0 
58 8519 211 61 211 6 973 19 0 0 10 0 0 0 
59 8447 220 71 208 5 1029 20 0 0 10 0 0 0 
60 8365 230 87 206 9 1088 15 0 0 10 0 0 0 
61 8280 233 82 223 11 1153 18 0 0 10 0 0 0 
62 8196 244 89 236 11 1205 19 0 0 10 0 0 0 
63 8096 259 85 254 13 1271 22 0 0 10 0 0 0 
64 8006 267 92 249 12 1348 26 0 0 10 0 0 0 
65 7889 296 97 282 13 1396 27 0 0 10 0 0 0 
66 7789 303 101 287 18 1475 27 0 0 10 0 0 0 
67 7685 311 113 291 17 1550 33 0 0 10 0 0 0 
68 7593 313 103 318 15 1616 42 0 0 10 0 0 0 
69 7477 323 110 328 17 1702 43 0 0 10 0 0 0 
70 7365 326 128 336 19 1779 47 0 0 10 0 0 0 
71 7254 335 128 354 20 1857 52 0 0 10 0 0 0 
72 7131 351 137 365 17 1942 57 0 0 10 0 0 0 
73 7008 356 148 375 23 2032 58 0 10 0 9 0 0 
74 6897 372 139 397 13 2117 65 0 20 0 19 0 0 
75 6772 375 130 415 16 2228 64 0 30 0 29 0 0 
76 6668 363 107 437 20 2338 67 0 40 0 38 0 0 
77 6571 362 100 441 21 2440 65 0 50 0 48 0 0 
78 6448 379 114 439 18 2536 66 0 60 0 57 0 0 
79 6328 388 116 440 19 2645 64 0 70 0 67 0 0 
80 6226 385 104 438 20 2765 62 0 80 0 75 0 0 
81 6115 384 101 442 24 2874 60 0 90 0 84 0 0 
82 5996 384 105 449 18 2987 61 0 100 0 92 0 0 
83 5903 379 106 449 10 3094 59 0 110 0 102 0 0 
84 5812 367 100 455 14 3200 52 0 120 0 112 0 0 
85 5724 355 93 451 14 3307 56 0 130 0 120 0 0 
86 5635 344 87 445 16 3420 53 0 140 0 129 0 0 
87 5542 351 77 439 15 3517 59 0 150 0 129 0 0 
88 5452 351 87 424 9 3615 62 0 160 0 128 0 0 
89 5365 335 85 407 11 3738 59 0 170 0 128 0 0 
90 5294 320 83 391 17 3839 56 0 180 0 129 0 0 
91 5216 317 90 385 14 3922 56 0 190 0 130 0 0 
92 5125 311 90 377 12 4029 56 0 200 0 130 0 0 
93 5039 309 82 374 9 4124 63 0 210 0 130 0 0 
94 4972 300 73 368 10 4216 61 0 220 0 130 0 0 
95 4910 295 68 372 11 4283 61 0 230 0 130 0 0 
96 4849 290 57 363 10 4370 61 0 240 0 132 0 0 
97 4779 285 61 352 10 4455 58 0 250 0 132 0 0 
98 4715 291 61 322 11 4542 58 0 260 0 131 0 0 
99 4667 268 61 313 8 4630 53 0 270 0 132 0 0 
100 4620 252 62 303 9 4706 48 0 280 0 132 0 0 
101 4573 245 59 308 8 4759 48 0 290 0 132 0 0 
102 4531 233 47 302 6 4832 49 0 300 0 133 0 0 
103 4493 212 49 276 8 4914 48 0 310 0 132 0 0 
104 4453 216 44 265 5 4967 50 0 320 0 131 0 0 
105 4414 205 51 254 4 5025 47 0 330 0 133 0 0 
106 4387 180 47 237 6 5100 43 0 340 0 132 0 0 
107 4347 181 45 228 5 5150 44 0 350 0 133 0 0 
108 4315 172 37 220 5 5207 44 0 360 0 133 0 0 
109 4272 161 45 215 7 5257 43 0 370 0 133 0 0 
110 4254 152 35 214 7 5299 39 0 380 0 132 0 0 
111 4220 147 38 206 8 5344 37 0 390 0 132 0 0 
112 4192 141 37 200 6 5385 39 0 400 0 132 0 0 
113 4169 134 31 186 5 5437 38 0 410 0 131 0 0 
114 4132 137 39 180 2 5474 36 0 420 0 133 0 0 
115 4107 126 38 177 4 5518 30 0 430 0 131 0 0 
116 4075 126 37 179 2 5552 29 0 440 0 131 0 0 
117 4052 121 35 169 3 5592 28 0 450 0 131 0 0 
118 4033 113 28 169 5 5626 26 0 460 0 131 0 0 
119 4014 105 23 159 5 5666 28 0 470 0 131 0 0 
120 3999 102 24 155 3 5687 30 0 480 0 130 0 0 
121 3985 96 16 153 4 5717 29 0 490 0 127 0 0 
122 3973 76 18 142 5 5758 28 0 500 0 126 0 0 
123 3964 71 15 137 5 5782 26 0 510 0 123 0 0 
124 3952 66 12 130 2 5814 24 0 520 0 123 0 0 
125 3938 64 10 115 5 5845 23 0 530 0 122 0 0 
126 3927 54 10 109 4 5873 23 0 540 0 123 0 0 
127 3919 50 6 103 3 5899 20 0 550 0 123 0 0 
128 3914 46 7 95 3 5916 19 0 560 0 123 0 0 
129 3912 40 3 90 2 5937 16 0 570 0 124 0 0 
130 3906 34 6 86 1 5952 15 0 580 0 125 0 0 
131 3899 32 6 78 2 5969 14 0 590 0 126 0 0 
132 3896 27 6 69 1 5988 13 0 600 0 121 0 0 
133 3892 23 6 68 1 5998 12 0 610 0 118 0 0 
134 3892 19 6 58 1 6012 12 0 620 0 111 0 0 
135 3889 19 4 49 1 6027 11 0 630 0 111 0 0 
136 3887 15 5 42 0 6042 9 0 640 0 103 0 0 
137 3885 14 4 39 0 6049 9 0 650 0 99 0 0 
138 3883 11 4 35 0 6059 8 0 660 0 92 0 0 
139 3882 11 3 31 0 6066 7 0 670 0 83 0 0 
140 3881 11 2 31 0 6068 7 0 680 0 76 0 0 
141 3879 8 4 25 0 6077 7 0 690 0 72 0 0 
142 3877 8 5 21 0 6082 7 0 700 0 64 0 0 
143 3876 8 5 21 0 6084 6 0 710 0 58 0 0 
144 3874 5 5 21 0 6090 5 0 720 0 51 0 0 
145 3874 4 1 20 1 6095 5 0 730 0 45 0 0 
146 3874 4 0 21 1 6095 5 0 740 0 45 0 0 
147 3874 4 0 20 1 6097 4 0 750 0 39 0 0 
148 3874 4 0 19 0 6098 5 0 760 0 38 0 0 
149 3873 4 1 17 0 6100 5 0 770 0 33 0 0 
150 3872 3 0 16 0 6105 4 0 780 0 33 0 0 
151 3872 3 0 15 0 6107 3 0 790 0 30 0 0 
152 3871 3 1 15 0 6107 3 0 800 0 28 0 0 
153 3870 4 1 14 0 6109 2 0 810 0 29 0 0 
154 3870 4 1 10 0 6113 2 0 820 0 26 0 0 
155 3870 2 0 10 0 6116 2 0 830 0 22 0 0 
156 3870 2 0 9 0 6117 2 0 840 0 21 0 0 
157 3870 2 0 8 0 6119 1 0 850 0 18 0 0 
158 3870 2 0 8 0 6119 1 0 860 0 15 0 0 
159 3870 1 0 7 0 6121 1 0 870 0 13 0 0 
160 3870 1 0 7 0 6121 1 0 880 0 11 0 0 
161 3870 1 0 7 0 6121 1 0 890 0 11 0 0 
162 3870 1 0 5 0 6123 1 0 900 0 9 0 0 
163 3870 1 0 4 0 6124 1 0 910 0 9 0 0 
164 3870 1 0 4 0 6124 1 0 920 0 7 0 0 
165 3870 1 0 4 0 6124 1 0 930 0 7 0 0 
166 3870 1 0 3 0 6125 1 0 940 0 7 0 0 
167 3870 1 0 3 0 6125 1 0 950 0 6 0 0 
168 3870 0 0 2 0 6127 1 0 960 0 6 0 0 
169 3870 0 0 2 0 6127 1 0 970 0 5 0 0 
170 3870 0 0 2 0 6127 1 0 980 0 5 0 0 
171 3870 0 0 2 0 6127 1 0 990 0 5 0 0 
172 3869 0 1 2 0 6127 1 0 1000 0 5 0 0 
173 3869 0 1 2 0 6127 1 0 1010 0 4 0 0 
174 3868 0 2 2 0 6127 1 0 1020 0 2 0 0 
175 3868 0 0 4 0 6127 1 0 1030 0 4 0 0 
176 3868 0 0 2 0 6129 1 0 1040 0 4 0 0 
177 3868 0 0 2 0 6129 1 0 1050 0 4 0 0 
178 3868 0 0 2 0 6129 1 0 1060 0 4 0 0 
179 3868 0 0 2 0 6129 1 0 1070 0 4 0 0 
180 3868 0 0 2 0 6129 1 0 1080 0 4 0 0 
181 3868 0 0 1 0 6130 1 0 1090 0 4 0 0 
182 3868 0 0 1 0 6130 1 0 1100 0 4 0 0 
183 3868 0 0 0 0 6131 1 0 1110 0 4 0 0 
184 3868 0 0 0 0 6131 1 0 1120 0 3 0 0 
185 3868 0 0 0 0 6131 1 0 1130 0 3 0 0 
186 3868 0 0 0 0 6131 1 0 1140 0 4 0 0 
187 3868 0 0 0 0 6131 1 0 1150 0 5 0 0 
188 3868 0 0 0 0 6131 1 0 1160 0 5 0 0 
189 3868 0 0 0 0 6131 1 0 1170 0 3 0 0 
190 3868 0 0 0 0 6131 1 0 1180 0 3 0 0 
191 3868 0 0 0 0 6132 0 0 1190 0 3 0 0 
192 3868 0 0 0 0 6132 0 0 1200 0 3 0 0 
193 3868 0 0 0 0 6132 0 0 1210 0 3 0 0 
194 3868 0 0 0 0 6132 0 0 1220 0 3 0 0 
195 3868 0 0 0 0 6132 0 0 1230 0 3 0 0 
196 3868 0 0 0 0 6132 0 0 1240 0 3 0 0 
197 3868 0 0 0 0 6132 0 0 1250 0 3 0 0 
198 3868 0 0 0 0 6132 0 0 1260 0 4 0 0 
199 3868 0 0 0 0 6132 0 0 1270 0 4 0 0 
