###### TEST LOG ####################
# Time taken               : 26.72 s
# Test Parameters: 
# 0.50 0.98 0.00 0.10
# 1.00 1.00 0.00 0.90
# Confined Less Infective? : True
# Homes Quarantined?       : False
# Quarantine when sampled? : False
# Testing Started When     : 20.00% recovered
# Fraction Tested Daily    : 0.10%
# LQ Tests Done in total   : 123
# HQ Tests Done in total   : 1107
# All Tests Done in total  : 1230
# Results Given in total   : 1230
# Locations Moved in total : 3964998
# Total recovered HCW      : 65
# Total HCW                : 84
# Rate Array: 
#     0 0.125 0.125     0     0     0     0 
#     0     0     0     0     0 0.143     0 
#     0     0     0 0.425 0.075     0     0 
#     0     0     0     0     0   0.1     0 
#     0     0     0     0     0   0.1   0.4 
#     0     0     0     0     0     0     0 
#     0     0     0     0     0   0.1     0 
###### END LOG #####################
#
# Day nS nA nP nMI nSI nR nH PCR_conducted_today RAT_conducted_today Tests_remaining_today Agents_currently_confined Quarantines_removed_today Locations_in_quarantine_today
0 9990 10 0 0 0 0 0 0 0 10 0 0 0 
1 9989 10 0 0 0 1 0 0 0 10 0 0 0 
2 9983 14 1 0 0 2 0 0 0 10 0 0 0 
3 9982 15 1 0 0 2 0 0 0 10 0 0 0 
4 9979 15 2 1 0 3 0 0 0 10 0 0 0 
5 9972 18 3 1 0 5 1 0 0 10 0 0 0 
6 9967 18 4 2 0 8 1 0 0 10 0 0 0 
7 9967 17 3 3 0 9 1 0 0 10 0 0 0 
8 9964 16 4 3 0 11 2 0 0 10 0 0 0 
9 9960 17 3 4 0 13 3 0 0 10 0 0 0 
10 9957 16 2 5 2 15 3 0 0 10 0 0 0 
11 9952 16 4 5 2 17 4 0 0 10 0 0 0 
12 9947 15 6 5 2 21 4 0 0 10 0 0 0 
13 9940 16 7 7 0 24 6 0 0 10 0 0 0 
14 9936 13 7 8 0 30 6 0 0 10 0 0 0 
15 9930 11 7 10 0 35 7 0 0 10 0 0 0 
16 9926 11 5 13 2 37 6 0 0 10 0 0 0 
17 9921 13 4 14 1 40 7 0 0 10 0 0 0 
18 9915 12 6 13 3 44 7 0 0 10 0 0 0 
19 9905 13 8 16 2 48 8 0 0 10 0 0 0 
20 9891 12 13 18 1 56 9 0 0 10 0 0 0 
21 9885 12 12 19 1 63 8 0 0 10 0 0 0 
22 9874 16 13 21 1 67 8 0 0 10 0 0 0 
23 9864 20 13 23 0 71 9 0 0 10 0 0 0 
24 9850 23 11 25 1 82 8 0 0 10 0 0 0 
25 9830 27 16 27 1 92 7 0 0 10 0 0 0 
26 9821 29 12 31 1 100 6 0 0 10 0 0 0 
27 9806 30 18 28 1 110 7 0 0 10 0 0 0 
28 9791 33 21 30 1 119 5 0 0 10 0 0 0 
29 9771 41 19 34 0 129 6 0 0 10 0 0 0 
30 9754 47 18 40 0 137 4 0 0 10 0 0 0 
31 9738 44 17 42 2 153 4 0 0 10 0 0 0 
32 9724 40 18 46 4 164 4 0 0 10 0 0 0 
33 9704 45 15 50 2 177 7 0 0 10 0 0 0 
34 9697 44 11 51 2 187 8 0 0 10 0 0 0 
35 9677 49 14 53 1 197 9 0 0 10 0 0 0 
36 9656 58 13 55 1 208 9 0 0 10 0 0 0 
37 9644 50 13 55 2 228 8 0 0 10 0 0 0 
38 9625 56 13 53 2 245 6 0 0 10 0 0 0 
39 9598 59 18 54 2 264 5 0 0 10 0 0 0 
40 9566 68 20 57 3 281 5 0 0 10 0 0 0 
41 9529 82 25 63 2 294 5 0 0 10 0 0 0 
42 9495 91 28 64 4 312 6 0 0 10 0 0 0 
43 9473 89 26 74 5 327 6 0 0 10 0 0 0 
44 9442 83 29 75 7 358 6 0 0 10 0 0 0 
45 9414 86 29 75 7 384 5 0 0 10 0 0 0 
46 9381 98 28 76 6 403 8 0 0 10 0 0 0 
47 9341 98 37 88 3 421 12 0 0 10 0 0 0 
48 9310 106 32 90 5 448 9 0 0 10 0 0 0 
49 9270 108 42 97 2 471 10 0 0 10 0 0 0 
50 9220 115 45 100 4 505 11 0 0 10 0 0 0 
51 9172 122 46 113 8 527 12 0 0 10 0 0 0 
52 9129 126 48 123 5 553 16 0 0 10 0 0 0 
53 9066 139 51 140 6 584 14 0 0 10 0 0 0 
54 9008 143 53 144 7 633 12 0 0 10 0 0 0 
55 8962 145 45 155 8 671 14 0 0 10 0 0 0 
56 8908 152 55 156 7 703 19 0 0 10 0 0 0 
57 8830 174 62 172 6 739 17 0 0 10 0 0 0 
58 8774 181 56 184 4 783 18 0 0 10 0 0 0 
59 8707 181 64 189 5 836 18 0 0 10 0 0 0 
60 8649 182 66 208 9 867 19 0 0 10 0 0 0 
61 8581 183 69 209 12 927 19 0 0 10 0 0 0 
62 8520 191 61 214 8 981 25 0 0 10 0 0 0 
63 8438 212 64 220 13 1027 26 0 0 10 0 0 0 
64 8369 216 60 230 12 1083 30 0 0 10 0 0 0 
65 8305 227 59 234 11 1132 32 0 0 10 0 0 0 
66 8226 227 69 237 9 1199 33 0 0 10 0 0 0 
67 8148 240 71 243 11 1250 37 0 0 10 0 0 0 
68 8057 244 81 249 15 1320 34 0 0 10 0 0 0 
69 7967 239 96 253 14 1397 34 0 0 10 0 0 0 
70 7856 264 102 259 16 1469 34 0 0 10 0 0 0 
71 7770 263 102 273 16 1544 32 0 0 10 0 0 0 
72 7691 268 84 284 14 1622 37 0 0 10 0 0 0 
73 7602 276 93 283 18 1689 39 0 0 10 0 0 0 
74 7487 306 88 295 18 1761 45 0 0 10 0 0 0 
75 7386 298 98 304 17 1846 51 0 0 10 0 0 0 
76 7289 288 102 320 17 1934 50 0 0 10 0 0 0 
77 7203 302 88 322 16 2020 49 9 1 0 9 0 0 
78 7103 315 97 322 12 2107 44 18 2 0 19 0 0 
79 7010 320 103 325 12 2183 47 27 3 0 29 0 0 
80 6932 326 101 322 11 2258 50 36 4 0 39 0 0 
81 6848 315 100 320 12 2357 48 45 5 0 49 0 0 
82 6759 324 98 328 7 2437 47 54 6 0 59 0 0 
83 6672 319 97 347 11 2508 46 63 7 0 69 0 0 
84 6584 315 91 345 12 2606 47 72 8 0 78 0 0 
85 6491 313 98 356 11 2685 46 81 9 0 88 0 0 
86 6403 318 90 359 15 2768 47 90 10 0 96 0 0 
87 6318 311 82 365 10 2863 51 99 11 0 105 0 0 
88 6226 305 94 372 9 2943 51 108 12 0 113 0 0 
89 6161 293 81 361 12 3041 51 117 13 0 122 0 0 
90 6084 303 89 348 12 3115 49 126 14 0 132 0 0 
91 6021 299 72 341 17 3201 49 135 15 0 132 0 0 
92 5965 277 66 339 17 3285 51 144 16 0 132 0 0 
93 5897 260 74 330 15 3375 49 153 17 0 132 0 0 
94 5828 260 73 325 12 3451 51 162 18 0 132 0 0 
95 5754 269 81 315 13 3521 47 171 19 0 131 0 0 
96 5685 267 82 305 8 3606 47 180 20 0 130 0 0 
97 5613 260 75 306 11 3687 48 189 21 0 128 0 0 
98 5546 258 70 313 11 3756 46 198 22 0 129 0 0 
99 5498 246 61 320 10 3818 47 207 23 0 129 0 0 
100 5438 240 65 325 11 3874 47 216 24 0 131 0 0 
101 5375 237 75 313 9 3944 47 225 25 0 132 0 0 
102 5317 230 75 306 4 4018 50 234 26 0 133 0 0 
103 5264 227 68 297 5 4090 49 243 27 0 132 0 0 
104 5214 212 70 294 8 4157 45 252 28 0 132 0 0 
105 5163 211 57 303 9 4214 43 261 29 0 132 0 0 
106 5117 209 50 302 8 4269 45 270 30 0 131 0 0 
107 5067 210 55 288 5 4334 41 279 31 0 131 0 0 
108 5022 196 53 281 6 4403 39 288 32 0 131 0 0 
109 4973 184 56 275 5 4469 38 297 33 0 132 0 0 
110 4932 180 58 257 8 4529 36 306 34 0 132 0 0 
111 4879 191 53 255 9 4578 35 315 35 0 131 0 0 
112 4838 179 39 265 12 4637 30 324 36 0 130 0 0 
113 4805 175 34 254 9 4694 29 333 37 0 130 0 0 
114 4766 162 40 241 11 4748 32 342 38 0 129 0 0 
115 4731 160 38 228 10 4802 31 351 39 0 130 0 0 
116 4700 158 48 204 8 4851 31 360 40 0 129 0 0 
117 4663 156 43 203 10 4896 29 369 41 0 129 0 0 
118 4625 161 40 200 6 4940 28 378 42 0 129 0 0 
119 4593 160 39 196 7 4979 26 387 43 0 128 0 0 
120 4555 162 30 196 6 5024 27 396 44 0 128 0 0 
121 4524 159 23 193 8 5065 28 405 45 0 127 0 0 
122 4489 166 23 187 6 5099 30 414 46 0 126 0 0 
123 4462 156 24 177 2 5150 29 423 47 0 128 0 0 
124 4447 139 22 164 2 5199 27 432 48 0 129 0 0 
125 4429 130 20 153 0 5240 28 441 49 0 129 0 0 
126 4409 126 25 134 1 5278 27 450 50 0 130 0 0 
127 4385 124 26 134 2 5301 28 459 51 0 131 0 0 
128 4367 118 23 136 3 5332 21 468 52 0 131 0 0 
129 4352 105 16 132 3 5372 20 477 53 0 131 0 0 
130 4339 101 14 126 4 5396 20 486 54 0 130 0 0 
131 4324 96 15 113 2 5431 19 495 55 0 130 0 0 
132 4307 88 10 108 7 5463 17 504 56 0 131 0 0 
133 4299 80 6 101 8 5490 16 513 57 0 130 0 0 
134 4285 76 7 100 6 5509 17 522 58 0 129 0 0 
135 4275 72 7 91 4 5534 17 531 59 0 129 0 0 
136 4263 70 5 88 4 5553 17 540 60 0 129 0 0 
137 4257 65 5 82 2 5572 17 549 61 0 129 0 0 
138 4249 61 4 70 4 5598 14 558 62 0 127 0 0 
139 4243 52 3 66 4 5616 16 567 63 0 119 0 0 
140 4239 43 4 65 2 5629 18 576 64 0 111 0 0 
141 4236 35 3 61 2 5647 16 585 65 0 104 0 0 
142 4231 32 4 61 2 5656 14 594 66 0 103 0 0 
143 4227 25 5 58 1 5673 11 603 67 0 99 0 0 
144 4222 24 5 55 1 5682 11 612 68 0 94 0 0 
145 4219 23 5 54 0 5687 12 621 69 0 88 0 0 
146 4218 21 2 51 0 5697 11 630 70 0 85 0 0 
147 4217 20 1 47 1 5704 10 639 71 0 81 0 0 
148 4215 19 3 36 1 5718 8 648 72 0 74 0 0 
149 4214 18 4 35 0 5720 9 657 73 0 64 0 0 
150 4212 14 5 30 0 5732 7 666 74 0 59 0 0 
151 4212 13 2 29 1 5736 7 675 75 0 56 0 0 
152 4212 8 1 26 0 5745 8 684 76 0 52 0 0 
153 4211 6 1 23 0 5754 5 693 77 0 53 0 0 
154 4211 5 1 21 0 5758 4 702 78 0 48 0 0 
155 4211 4 1 19 0 5761 4 711 79 0 45 0 0 
156 4211 4 1 17 0 5764 3 720 80 0 39 0 0 
157 4210 5 0 17 1 5765 2 729 81 0 36 0 0 
158 4210 3 0 17 0 5768 2 738 82 0 33 0 0 
159 4210 2 0 14 0 5772 2 747 83 0 30 0 0 
160 4210 2 0 12 0 5774 2 756 84 0 24 0 0 
161 4210 2 0 11 0 5775 2 765 85 0 24 0 0 
162 4210 1 0 11 0 5776 2 774 86 0 25 0 0 
163 4210 1 0 9 0 5778 2 783 87 0 24 0 0 
164 4210 1 0 8 0 5779 2 792 88 0 21 0 0 
165 4210 1 0 7 0 5780 2 801 89 0 17 0 0 
166 4210 1 0 6 0 5781 2 810 90 0 14 0 0 
167 4210 1 0 6 0 5781 2 819 91 0 11 0 0 
168 4210 1 0 5 0 5782 2 828 92 0 11 0 0 
169 4210 1 0 4 0 5783 2 837 93 0 11 0 0 
170 4210 1 0 4 0 5783 2 846 94 0 11 0 0 
171 4210 1 0 4 0 5783 2 855 95 0 8 0 0 
172 4210 1 0 3 0 5784 2 864 96 0 8 0 0 
173 4209 1 0 4 0 5784 2 873 97 0 9 0 0 
174 4209 1 0 4 0 5784 2 882 98 0 8 0 0 
175 4209 1 0 3 0 5785 2 891 99 0 5 0 0 
176 4209 1 0 3 0 5785 2 900 100 0 5 0 0 
177 4209 1 0 3 0 5786 1 909 101 0 5 0 0 
178 4209 1 0 3 0 5786 1 918 102 0 4 0 0 
179 4209 1 0 2 0 5787 1 927 103 0 3 0 0 
180 4209 1 0 2 0 5788 0 936 104 0 4 0 0 
181 4209 1 0 2 0 5788 0 945 105 0 4 0 0 
182 4209 1 0 2 0 5788 0 954 106 0 4 0 0 
183 4209 1 0 2 0 5788 0 963 107 0 4 0 0 
184 4209 1 0 2 0 5788 0 972 108 0 4 0 0 
185 4209 1 0 2 0 5788 0 981 109 0 4 0 0 
186 4209 1 0 2 0 5788 0 990 110 0 3 0 0 
187 4209 1 0 0 0 5790 0 999 111 0 2 0 0 
188 4209 1 0 0 0 5790 0 1008 112 0 2 0 0 
189 4209 1 0 0 0 5790 0 1017 113 0 2 0 0 
190 4209 1 0 0 0 5790 0 1026 114 0 1 0 0 
191 4209 1 0 0 0 5790 0 1035 115 0 1 0 0 
192 4209 0 0 0 0 5791 0 1044 116 0 1 0 0 
193 4209 0 0 0 0 5791 0 1053 117 0 1 0 0 
194 4209 0 0 0 0 5791 0 1062 118 0 0 0 0 
195 4209 0 0 0 0 5791 0 1071 119 0 0 0 0 
196 4209 0 0 0 0 5791 0 1080 120 0 0 0 0 
197 4209 0 0 0 0 5791 0 1089 121 0 0 0 0 
198 4209 0 0 0 0 5791 0 1098 122 0 0 0 0 
199 4209 0 0 0 0 5791 0 1107 123 0 0 0 0 
