0.000000000000000000e+00 9.990000000000000000e+03 1.000000000000000000e+01 0.000000000000000000e+00 0.000000000000000000e+00 0.000000000000000000e+00
0.000000000000000000e+00 9.990000000000000000e+03 1.000000000000000000e+01 0.000000000000000000e+00 0.000000000000000000e+00 0.000000000000000000e+00
1.000000000000000000e+00 9.949000000000000000e+03 4.100000000000000000e+01 6.000000000000000000e+00 2.000000000000000000e+00 2.000000000000000000e+00
2.000000000000000000e+00 9.665000000000000000e+03 2.370000000000000000e+02 7.600000000000000000e+01 1.300000000000000000e+01 9.000000000000000000e+00
3.000000000000000000e+00 8.921000000000000000e+03 7.250000000000000000e+02 2.370000000000000000e+02 7.800000000000000000e+01 3.900000000000000000e+01
4.000000000000000000e+00 7.274000000000000000e+03 1.699000000000000000e+03 6.510000000000000000e+02 2.380000000000000000e+02 1.380000000000000000e+02
5.000000000000000000e+00 4.404000000000000000e+03 3.153000000000000000e+03 1.440000000000000000e+03 6.310000000000000000e+02 3.720000000000000000e+02
6.000000000000000000e+00 1.979000000000000000e+03 3.482000000000000000e+03 2.527000000000000000e+03 1.209000000000000000e+03 8.030000000000000000e+02
7.000000000000000000e+00 8.390000000000000000e+02 2.714000000000000000e+03 3.160000000000000000e+03 1.923000000000000000e+03 1.364000000000000000e+03
8.000000000000000000e+00 3.640000000000000000e+02 1.864000000000000000e+03 3.133000000000000000e+03 2.629000000000000000e+03 2.010000000000000000e+03
9.000000000000000000e+00 1.750000000000000000e+02 1.151000000000000000e+03 2.840000000000000000e+03 3.274000000000000000e+03 2.560000000000000000e+03
1.000000000000000000e+01 9.600000000000000000e+01 7.240000000000000000e+02 2.336000000000000000e+03 3.889000000000000000e+03 2.955000000000000000e+03
1.100000000000000000e+01 6.400000000000000000e+01 4.160000000000000000e+02 1.925000000000000000e+03 4.409000000000000000e+03 3.186000000000000000e+03
1.200000000000000000e+01 4.500000000000000000e+01 2.390000000000000000e+02 1.486000000000000000e+03 4.927000000000000000e+03 3.303000000000000000e+03
1.300000000000000000e+01 2.800000000000000000e+01 1.420000000000000000e+02 1.107000000000000000e+03 5.418000000000000000e+03 3.305000000000000000e+03
1.400000000000000000e+01 1.900000000000000000e+01 9.200000000000000000e+01 8.010000000000000000e+02 5.870000000000000000e+03 3.218000000000000000e+03
1.500000000000000000e+01 1.700000000000000000e+01 5.600000000000000000e+01 5.990000000000000000e+02 6.285000000000000000e+03 3.043000000000000000e+03
1.600000000000000000e+01 1.200000000000000000e+01 3.000000000000000000e+01 4.490000000000000000e+02 6.645000000000000000e+03 2.864000000000000000e+03
1.700000000000000000e+01 9.000000000000000000e+00 1.900000000000000000e+01 3.280000000000000000e+02 6.941000000000000000e+03 2.703000000000000000e+03
1.800000000000000000e+01 9.000000000000000000e+00 1.100000000000000000e+01 2.260000000000000000e+02 7.206000000000000000e+03 2.548000000000000000e+03
1.900000000000000000e+01 9.000000000000000000e+00 7.000000000000000000e+00 1.640000000000000000e+02 7.450000000000000000e+03 2.370000000000000000e+03
2.000000000000000000e+01 9.000000000000000000e+00 4.000000000000000000e+00 1.130000000000000000e+02 7.698000000000000000e+03 2.176000000000000000e+03
2.100000000000000000e+01 9.000000000000000000e+00 2.000000000000000000e+00 7.800000000000000000e+01 7.920000000000000000e+03 1.991000000000000000e+03
2.200000000000000000e+01 9.000000000000000000e+00 1.000000000000000000e+00 5.500000000000000000e+01 8.114000000000000000e+03 1.821000000000000000e+03
2.300000000000000000e+01 9.000000000000000000e+00 0.000000000000000000e+00 4.400000000000000000e+01 8.316000000000000000e+03 1.631000000000000000e+03
2.400000000000000000e+01 9.000000000000000000e+00 0.000000000000000000e+00 2.500000000000000000e+01 8.468000000000000000e+03 1.498000000000000000e+03
2.500000000000000000e+01 9.000000000000000000e+00 0.000000000000000000e+00 1.900000000000000000e+01 8.609000000000000000e+03 1.363000000000000000e+03
2.600000000000000000e+01 8.000000000000000000e+00 1.000000000000000000e+00 1.300000000000000000e+01 8.726000000000000000e+03 1.252000000000000000e+03
2.700000000000000000e+01 8.000000000000000000e+00 1.000000000000000000e+00 9.000000000000000000e+00 8.839000000000000000e+03 1.143000000000000000e+03
2.800000000000000000e+01 8.000000000000000000e+00 1.000000000000000000e+00 6.000000000000000000e+00 8.937000000000000000e+03 1.048000000000000000e+03
2.900000000000000000e+01 8.000000000000000000e+00 1.000000000000000000e+00 4.000000000000000000e+00 9.035000000000000000e+03 9.520000000000000000e+02
3.000000000000000000e+01 8.000000000000000000e+00 1.000000000000000000e+00 4.000000000000000000e+00 9.116000000000000000e+03 8.710000000000000000e+02
3.100000000000000000e+01 8.000000000000000000e+00 0.000000000000000000e+00 3.000000000000000000e+00 9.200000000000000000e+03 7.890000000000000000e+02
3.200000000000000000e+01 8.000000000000000000e+00 0.000000000000000000e+00 2.000000000000000000e+00 9.278000000000000000e+03 7.120000000000000000e+02
3.300000000000000000e+01 8.000000000000000000e+00 0.000000000000000000e+00 2.000000000000000000e+00 9.330000000000000000e+03 6.600000000000000000e+02
3.400000000000000000e+01 8.000000000000000000e+00 0.000000000000000000e+00 2.000000000000000000e+00 9.382000000000000000e+03 6.080000000000000000e+02
3.500000000000000000e+01 8.000000000000000000e+00 0.000000000000000000e+00 1.000000000000000000e+00 9.437000000000000000e+03 5.540000000000000000e+02
3.600000000000000000e+01 8.000000000000000000e+00 0.000000000000000000e+00 1.000000000000000000e+00 9.498000000000000000e+03 4.930000000000000000e+02
3.700000000000000000e+01 7.000000000000000000e+00 1.000000000000000000e+00 1.000000000000000000e+00 9.556000000000000000e+03 4.350000000000000000e+02
3.800000000000000000e+01 7.000000000000000000e+00 1.000000000000000000e+00 1.000000000000000000e+00 9.607000000000000000e+03 3.840000000000000000e+02
3.900000000000000000e+01 7.000000000000000000e+00 1.000000000000000000e+00 1.000000000000000000e+00 9.645000000000000000e+03 3.460000000000000000e+02
