0.000000000000000000e+00 9.990000000000000000e+03 1.000000000000000000e+01 0.000000000000000000e+00 0.000000000000000000e+00 0.000000000000000000e+00
0.000000000000000000e+00 9.990000000000000000e+03 1.000000000000000000e+01 0.000000000000000000e+00 0.000000000000000000e+00 0.000000000000000000e+00
1.000000000000000000e+00 9.956000000000000000e+03 3.379999999999999716e+01 7.099999999999999645e+00 2.200000000000000178e+00 9.000000000000000222e-01
2.000000000000000000e+00 9.719299999999999272e+03 2.098000000000000114e+02 5.050000000000000000e+01 1.540000000000000036e+01 5.000000000000000000e+00
3.000000000000000000e+00 8.997799999999999272e+03 6.786000000000000227e+02 2.159000000000000057e+02 7.529999999999999716e+01 3.239999999999999858e+01
4.000000000000000000e+00 7.477000000000000000e+03 1.557799999999999955e+03 6.157999999999999545e+02 2.245000000000000000e+02 1.249000000000000057e+02
5.000000000000000000e+00 5.106500000000000000e+03 2.660199999999999818e+03 1.332200000000000045e+03 5.512999999999999545e+02 3.498000000000000114e+02
6.000000000000000000e+00 2.773099999999999909e+03 3.196199999999999818e+03 2.209300000000000182e+03 1.080599999999999909e+03 7.407999999999999545e+02
7.000000000000000000e+00 1.350400000000000091e+03 2.782699999999999818e+03 2.851400000000000091e+03 1.735099999999999909e+03 1.280400000000000091e+03
8.000000000000000000e+00 6.823999999999999773e+02 1.999900000000000091e+03 3.030400000000000091e+03 2.439800000000000182e+03 1.847500000000000000e+03
9.000000000000000000e+00 3.756999999999999886e+02 1.321700000000000045e+03 2.821500000000000000e+03 3.113099999999999909e+03 2.368000000000000000e+03
1.000000000000000000e+01 2.371999999999999886e+02 8.242999999999999545e+02 2.412099999999999909e+03 3.754400000000000091e+03 2.772000000000000000e+03
1.100000000000000000e+01 1.653000000000000114e+02 5.051999999999999886e+02 1.964500000000000000e+03 4.332899999999999636e+03 3.032099999999999909e+03
1.200000000000000000e+01 1.290000000000000000e+02 3.018999999999999773e+02 1.549000000000000000e+03 4.867100000000000364e+03 3.153000000000000000e+03
1.300000000000000000e+01 1.080000000000000000e+02 1.815000000000000000e+02 1.188299999999999955e+03 5.342800000000000182e+03 3.179400000000000091e+03
1.400000000000000000e+01 9.840000000000000568e+01 1.062000000000000028e+02 9.036000000000000227e+02 5.769500000000000000e+03 3.122300000000000182e+03
1.500000000000000000e+01 9.059999999999999432e+01 6.490000000000000568e+01 6.693999999999999773e+02 6.172500000000000000e+03 3.002599999999999909e+03
1.600000000000000000e+01 8.650000000000000000e+01 3.960000000000000142e+01 4.898000000000000114e+02 6.533000000000000000e+03 2.851099999999999909e+03
1.700000000000000000e+01 8.300000000000000000e+01 2.460000000000000142e+01 3.611000000000000227e+02 6.852100000000000364e+03 2.679199999999999818e+03
1.800000000000000000e+01 8.150000000000000000e+01 1.430000000000000071e+01 2.621000000000000227e+02 7.145500000000000000e+03 2.496599999999999909e+03
1.900000000000000000e+01 8.029999999999999716e+01 8.800000000000000711e+00 1.871999999999999886e+02 7.409699999999999818e+03 2.314000000000000000e+03
2.000000000000000000e+01 8.000000000000000000e+01 4.900000000000000355e+00 1.370999999999999943e+02 7.646199999999999818e+03 2.131800000000000182e+03
2.100000000000000000e+01 7.959999999999999432e+01 3.299999999999999822e+00 9.670000000000000284e+01 7.865600000000000364e+03 1.954799999999999955e+03
2.200000000000000000e+01 7.959999999999999432e+01 1.800000000000000044e+00 6.940000000000000568e+01 8.062100000000000364e+03 1.787099999999999909e+03
2.300000000000000000e+01 7.920000000000000284e+01 1.500000000000000000e+00 4.960000000000000142e+01 8.233899999999999636e+03 1.635799999999999955e+03
2.400000000000000000e+01 7.909999999999999432e+01 8.000000000000000444e-01 3.600000000000000000e+01 8.390899999999999636e+03 1.493200000000000045e+03
2.500000000000000000e+01 7.890000000000000568e+01 6.999999999999999556e-01 2.550000000000000000e+01 8.534500000000000000e+03 1.360400000000000091e+03
2.600000000000000000e+01 7.879999999999999716e+01 2.999999999999999889e-01 1.880000000000000071e+01 8.660700000000000728e+03 1.241400000000000091e+03
2.700000000000000000e+01 7.879999999999999716e+01 1.000000000000000056e-01 1.300000000000000000e+01 8.781100000000000364e+03 1.127000000000000000e+03
2.800000000000000000e+01 7.879999999999999716e+01 1.000000000000000056e-01 1.000000000000000000e+01 8.887600000000000364e+03 1.023500000000000000e+03
2.900000000000000000e+01 7.870000000000000284e+01 2.000000000000000111e-01 7.400000000000000355e+00 8.988500000000000000e+03 9.252000000000000455e+02
3.000000000000000000e+01 7.870000000000000284e+01 0.000000000000000000e+00 5.400000000000000355e+00 9.075700000000000728e+03 8.402000000000000455e+02
3.100000000000000000e+01 7.870000000000000284e+01 0.000000000000000000e+00 4.000000000000000000e+00 9.157000000000000000e+03 7.602999999999999545e+02
3.200000000000000000e+01 7.870000000000000284e+01 0.000000000000000000e+00 3.100000000000000089e+00 9.229000000000000000e+03 6.892000000000000455e+02
3.300000000000000000e+01 7.870000000000000284e+01 0.000000000000000000e+00 1.899999999999999911e+00 9.295299999999999272e+03 6.241000000000000227e+02
3.400000000000000000e+01 7.870000000000000284e+01 0.000000000000000000e+00 8.000000000000000444e-01 9.355299999999999272e+03 5.652000000000000455e+02
3.500000000000000000e+01 7.870000000000000284e+01 0.000000000000000000e+00 5.999999999999999778e-01 9.413100000000000364e+03 5.076000000000000227e+02
3.600000000000000000e+01 7.870000000000000284e+01 0.000000000000000000e+00 4.000000000000000222e-01 9.460100000000000364e+03 4.608000000000000114e+02
3.700000000000000000e+01 7.870000000000000284e+01 0.000000000000000000e+00 2.000000000000000111e-01 9.507600000000000364e+03 4.135000000000000000e+02
3.800000000000000000e+01 7.870000000000000284e+01 0.000000000000000000e+00 1.000000000000000056e-01 9.551399999999999636e+03 3.698000000000000114e+02
3.900000000000000000e+01 7.870000000000000284e+01 0.000000000000000000e+00 1.000000000000000056e-01 9.588899999999999636e+03 3.323000000000000114e+02
