0.000000000000000000e+00 9.900000000000000000e+03 1.000000000000000000e+02 0.000000000000000000e+00 0.000000000000000000e+00 0.000000000000000000e+00
0.000000000000000000e+00 9.900000000000000000e+03 1.000000000000000000e+02 0.000000000000000000e+00 0.000000000000000000e+00 0.000000000000000000e+00
1.000000000000000000e+00 9.527000000000000000e+03 3.800000000000000000e+02 7.700000000000000000e+01 1.300000000000000000e+01 3.000000000000000000e+00
2.000000000000000000e+00 7.986000000000000000e+03 1.404000000000000000e+03 4.330000000000000000e+02 1.270000000000000000e+02 5.000000000000000000e+01
3.000000000000000000e+00 5.222000000000000000e+03 2.873000000000000000e+03 1.240000000000000000e+03 4.180000000000000000e+02 2.470000000000000000e+02
4.000000000000000000e+00 2.508000000000000000e+03 3.617000000000000000e+03 2.275000000000000000e+03 9.570000000000000000e+02 6.430000000000000000e+02
5.000000000000000000e+00 1.081000000000000000e+03 3.076000000000000000e+03 3.041000000000000000e+03 1.589000000000000000e+03 1.213000000000000000e+03
6.000000000000000000e+00 5.170000000000000000e+02 2.136000000000000000e+03 3.178000000000000000e+03 2.326000000000000000e+03 1.843000000000000000e+03
7.000000000000000000e+00 2.460000000000000000e+02 1.388000000000000000e+03 2.920000000000000000e+03 3.019000000000000000e+03 2.427000000000000000e+03
8.000000000000000000e+00 1.400000000000000000e+02 8.390000000000000000e+02 2.524000000000000000e+03 3.657000000000000000e+03 2.840000000000000000e+03
9.000000000000000000e+00 8.400000000000000000e+01 4.920000000000000000e+02 2.016000000000000000e+03 4.256000000000000000e+03 3.152000000000000000e+03
1.000000000000000000e+01 6.400000000000000000e+01 2.880000000000000000e+02 1.604000000000000000e+03 4.762000000000000000e+03 3.282000000000000000e+03
1.100000000000000000e+01 4.700000000000000000e+01 1.650000000000000000e+02 1.264000000000000000e+03 5.246000000000000000e+03 3.278000000000000000e+03
1.200000000000000000e+01 3.500000000000000000e+01 1.000000000000000000e+02 9.610000000000000000e+02 5.691000000000000000e+03 3.213000000000000000e+03
1.300000000000000000e+01 3.100000000000000000e+01 6.100000000000000000e+01 7.160000000000000000e+02 6.111000000000000000e+03 3.081000000000000000e+03
1.400000000000000000e+01 3.000000000000000000e+01 3.200000000000000000e+01 5.320000000000000000e+02 6.509000000000000000e+03 2.897000000000000000e+03
1.500000000000000000e+01 3.000000000000000000e+01 1.800000000000000000e+01 3.860000000000000000e+02 6.836000000000000000e+03 2.730000000000000000e+03
1.600000000000000000e+01 2.800000000000000000e+01 1.200000000000000000e+01 2.780000000000000000e+02 7.124000000000000000e+03 2.558000000000000000e+03
1.700000000000000000e+01 2.800000000000000000e+01 7.000000000000000000e+00 2.000000000000000000e+02 7.378000000000000000e+03 2.387000000000000000e+03
1.800000000000000000e+01 2.600000000000000000e+01 5.000000000000000000e+00 1.370000000000000000e+02 7.633000000000000000e+03 2.199000000000000000e+03
1.900000000000000000e+01 2.600000000000000000e+01 3.000000000000000000e+00 9.800000000000000000e+01 7.865000000000000000e+03 2.008000000000000000e+03
2.000000000000000000e+01 2.600000000000000000e+01 2.000000000000000000e+00 7.700000000000000000e+01 8.061000000000000000e+03 1.834000000000000000e+03
2.100000000000000000e+01 2.600000000000000000e+01 1.000000000000000000e+00 5.600000000000000000e+01 8.249000000000000000e+03 1.668000000000000000e+03
2.200000000000000000e+01 2.600000000000000000e+01 1.000000000000000000e+00 4.800000000000000000e+01 8.409000000000000000e+03 1.516000000000000000e+03
2.300000000000000000e+01 2.600000000000000000e+01 1.000000000000000000e+00 3.300000000000000000e+01 8.570000000000000000e+03 1.370000000000000000e+03
2.400000000000000000e+01 2.600000000000000000e+01 0.000000000000000000e+00 2.300000000000000000e+01 8.725000000000000000e+03 1.226000000000000000e+03
2.500000000000000000e+01 2.600000000000000000e+01 0.000000000000000000e+00 1.600000000000000000e+01 8.858000000000000000e+03 1.100000000000000000e+03
2.600000000000000000e+01 2.600000000000000000e+01 0.000000000000000000e+00 7.000000000000000000e+00 8.966000000000000000e+03 1.001000000000000000e+03
2.700000000000000000e+01 2.600000000000000000e+01 0.000000000000000000e+00 5.000000000000000000e+00 9.079000000000000000e+03 8.900000000000000000e+02
2.800000000000000000e+01 2.600000000000000000e+01 0.000000000000000000e+00 4.000000000000000000e+00 9.168000000000000000e+03 8.020000000000000000e+02
2.900000000000000000e+01 2.600000000000000000e+01 0.000000000000000000e+00 3.000000000000000000e+00 9.247000000000000000e+03 7.240000000000000000e+02
3.000000000000000000e+01 2.600000000000000000e+01 0.000000000000000000e+00 1.000000000000000000e+00 9.318000000000000000e+03 6.550000000000000000e+02
3.100000000000000000e+01 2.600000000000000000e+01 0.000000000000000000e+00 1.000000000000000000e+00 9.383000000000000000e+03 5.900000000000000000e+02
3.200000000000000000e+01 2.600000000000000000e+01 0.000000000000000000e+00 1.000000000000000000e+00 9.446000000000000000e+03 5.270000000000000000e+02
3.300000000000000000e+01 2.600000000000000000e+01 0.000000000000000000e+00 0.000000000000000000e+00 9.498000000000000000e+03 4.760000000000000000e+02
3.400000000000000000e+01 2.600000000000000000e+01 0.000000000000000000e+00 0.000000000000000000e+00 9.534000000000000000e+03 4.400000000000000000e+02
3.500000000000000000e+01 2.600000000000000000e+01 0.000000000000000000e+00 0.000000000000000000e+00 9.575000000000000000e+03 3.990000000000000000e+02
3.600000000000000000e+01 2.600000000000000000e+01 0.000000000000000000e+00 0.000000000000000000e+00 9.602000000000000000e+03 3.720000000000000000e+02
3.700000000000000000e+01 2.600000000000000000e+01 0.000000000000000000e+00 0.000000000000000000e+00 9.643000000000000000e+03 3.310000000000000000e+02
3.800000000000000000e+01 2.600000000000000000e+01 0.000000000000000000e+00 0.000000000000000000e+00 9.676000000000000000e+03 2.980000000000000000e+02
3.900000000000000000e+01 2.600000000000000000e+01 0.000000000000000000e+00 0.000000000000000000e+00 9.708000000000000000e+03 2.660000000000000000e+02
4.000000000000000000e+01 2.600000000000000000e+01 0.000000000000000000e+00 0.000000000000000000e+00 9.726000000000000000e+03 2.480000000000000000e+02
4.100000000000000000e+01 2.600000000000000000e+01 0.000000000000000000e+00 0.000000000000000000e+00 9.749000000000000000e+03 2.250000000000000000e+02
4.200000000000000000e+01 2.600000000000000000e+01 0.000000000000000000e+00 0.000000000000000000e+00 9.768000000000000000e+03 2.060000000000000000e+02
4.300000000000000000e+01 2.600000000000000000e+01 0.000000000000000000e+00 0.000000000000000000e+00 9.790000000000000000e+03 1.840000000000000000e+02
4.400000000000000000e+01 2.600000000000000000e+01 0.000000000000000000e+00 0.000000000000000000e+00 9.810000000000000000e+03 1.640000000000000000e+02
4.500000000000000000e+01 2.600000000000000000e+01 0.000000000000000000e+00 0.000000000000000000e+00 9.822000000000000000e+03 1.520000000000000000e+02
4.600000000000000000e+01 2.600000000000000000e+01 0.000000000000000000e+00 0.000000000000000000e+00 9.838000000000000000e+03 1.360000000000000000e+02
4.700000000000000000e+01 2.600000000000000000e+01 0.000000000000000000e+00 0.000000000000000000e+00 9.852000000000000000e+03 1.220000000000000000e+02
4.800000000000000000e+01 2.600000000000000000e+01 0.000000000000000000e+00 0.000000000000000000e+00 9.865000000000000000e+03 1.090000000000000000e+02
4.900000000000000000e+01 2.600000000000000000e+01 0.000000000000000000e+00 0.000000000000000000e+00 9.874000000000000000e+03 1.000000000000000000e+02
5.000000000000000000e+01 2.600000000000000000e+01 0.000000000000000000e+00 0.000000000000000000e+00 9.886000000000000000e+03 8.800000000000000000e+01
5.100000000000000000e+01 2.600000000000000000e+01 0.000000000000000000e+00 0.000000000000000000e+00 9.890000000000000000e+03 8.400000000000000000e+01
5.200000000000000000e+01 2.600000000000000000e+01 0.000000000000000000e+00 0.000000000000000000e+00 9.895000000000000000e+03 7.900000000000000000e+01
5.300000000000000000e+01 2.600000000000000000e+01 0.000000000000000000e+00 0.000000000000000000e+00 9.900000000000000000e+03 7.400000000000000000e+01
5.400000000000000000e+01 2.600000000000000000e+01 0.000000000000000000e+00 0.000000000000000000e+00 9.906000000000000000e+03 6.800000000000000000e+01
5.500000000000000000e+01 2.600000000000000000e+01 0.000000000000000000e+00 0.000000000000000000e+00 9.914000000000000000e+03 6.000000000000000000e+01
5.600000000000000000e+01 2.600000000000000000e+01 0.000000000000000000e+00 0.000000000000000000e+00 9.922000000000000000e+03 5.200000000000000000e+01
5.700000000000000000e+01 2.600000000000000000e+01 0.000000000000000000e+00 0.000000000000000000e+00 9.926000000000000000e+03 4.800000000000000000e+01
5.800000000000000000e+01 2.600000000000000000e+01 0.000000000000000000e+00 0.000000000000000000e+00 9.931000000000000000e+03 4.300000000000000000e+01
5.900000000000000000e+01 2.600000000000000000e+01 0.000000000000000000e+00 0.000000000000000000e+00 9.936000000000000000e+03 3.800000000000000000e+01
6.000000000000000000e+01 2.600000000000000000e+01 0.000000000000000000e+00 0.000000000000000000e+00 9.943000000000000000e+03 3.100000000000000000e+01
6.100000000000000000e+01 2.600000000000000000e+01 0.000000000000000000e+00 0.000000000000000000e+00 9.946000000000000000e+03 2.800000000000000000e+01
6.200000000000000000e+01 2.600000000000000000e+01 0.000000000000000000e+00 0.000000000000000000e+00 9.950000000000000000e+03 2.400000000000000000e+01
6.300000000000000000e+01 2.600000000000000000e+01 0.000000000000000000e+00 0.000000000000000000e+00 9.952000000000000000e+03 2.200000000000000000e+01
6.400000000000000000e+01 2.600000000000000000e+01 0.000000000000000000e+00 0.000000000000000000e+00 9.954000000000000000e+03 2.000000000000000000e+01
6.500000000000000000e+01 2.600000000000000000e+01 0.000000000000000000e+00 0.000000000000000000e+00 9.954000000000000000e+03 2.000000000000000000e+01
6.600000000000000000e+01 2.600000000000000000e+01 0.000000000000000000e+00 0.000000000000000000e+00 9.956000000000000000e+03 1.800000000000000000e+01
6.700000000000000000e+01 2.600000000000000000e+01 0.000000000000000000e+00 0.000000000000000000e+00 9.958000000000000000e+03 1.600000000000000000e+01
6.800000000000000000e+01 2.600000000000000000e+01 0.000000000000000000e+00 0.000000000000000000e+00 9.959000000000000000e+03 1.500000000000000000e+01
6.900000000000000000e+01 2.600000000000000000e+01 0.000000000000000000e+00 0.000000000000000000e+00 9.961000000000000000e+03 1.300000000000000000e+01
7.000000000000000000e+01 2.600000000000000000e+01 0.000000000000000000e+00 0.000000000000000000e+00 9.961000000000000000e+03 1.300000000000000000e+01
7.100000000000000000e+01 2.600000000000000000e+01 0.000000000000000000e+00 0.000000000000000000e+00 9.962000000000000000e+03 1.200000000000000000e+01
7.200000000000000000e+01 2.600000000000000000e+01 0.000000000000000000e+00 0.000000000000000000e+00 9.962000000000000000e+03 1.200000000000000000e+01
7.300000000000000000e+01 2.600000000000000000e+01 0.000000000000000000e+00 0.000000000000000000e+00 9.964000000000000000e+03 1.000000000000000000e+01
7.400000000000000000e+01 2.600000000000000000e+01 0.000000000000000000e+00 0.000000000000000000e+00 9.965000000000000000e+03 9.000000000000000000e+00
7.500000000000000000e+01 2.600000000000000000e+01 0.000000000000000000e+00 0.000000000000000000e+00 9.966000000000000000e+03 8.000000000000000000e+00
7.600000000000000000e+01 2.600000000000000000e+01 0.000000000000000000e+00 0.000000000000000000e+00 9.967000000000000000e+03 7.000000000000000000e+00
7.700000000000000000e+01 2.600000000000000000e+01 0.000000000000000000e+00 0.000000000000000000e+00 9.967000000000000000e+03 7.000000000000000000e+00
7.800000000000000000e+01 2.600000000000000000e+01 0.000000000000000000e+00 0.000000000000000000e+00 9.967000000000000000e+03 7.000000000000000000e+00
7.900000000000000000e+01 2.600000000000000000e+01 0.000000000000000000e+00 0.000000000000000000e+00 9.967000000000000000e+03 7.000000000000000000e+00
8.000000000000000000e+01 2.600000000000000000e+01 0.000000000000000000e+00 0.000000000000000000e+00 9.967000000000000000e+03 7.000000000000000000e+00
8.100000000000000000e+01 2.600000000000000000e+01 0.000000000000000000e+00 0.000000000000000000e+00 9.970000000000000000e+03 4.000000000000000000e+00
8.200000000000000000e+01 2.600000000000000000e+01 0.000000000000000000e+00 0.000000000000000000e+00 9.971000000000000000e+03 3.000000000000000000e+00
8.300000000000000000e+01 2.600000000000000000e+01 0.000000000000000000e+00 0.000000000000000000e+00 9.971000000000000000e+03 3.000000000000000000e+00
8.400000000000000000e+01 2.600000000000000000e+01 0.000000000000000000e+00 0.000000000000000000e+00 9.971000000000000000e+03 3.000000000000000000e+00
8.500000000000000000e+01 2.600000000000000000e+01 0.000000000000000000e+00 0.000000000000000000e+00 9.971000000000000000e+03 3.000000000000000000e+00
8.600000000000000000e+01 2.600000000000000000e+01 0.000000000000000000e+00 0.000000000000000000e+00 9.972000000000000000e+03 2.000000000000000000e+00
8.700000000000000000e+01 2.600000000000000000e+01 0.000000000000000000e+00 0.000000000000000000e+00 9.972000000000000000e+03 2.000000000000000000e+00
8.800000000000000000e+01 2.600000000000000000e+01 0.000000000000000000e+00 0.000000000000000000e+00 9.972000000000000000e+03 2.000000000000000000e+00
8.900000000000000000e+01 2.600000000000000000e+01 0.000000000000000000e+00 0.000000000000000000e+00 9.972000000000000000e+03 2.000000000000000000e+00
9.000000000000000000e+01 2.600000000000000000e+01 0.000000000000000000e+00 0.000000000000000000e+00 9.972000000000000000e+03 2.000000000000000000e+00
9.100000000000000000e+01 2.600000000000000000e+01 0.000000000000000000e+00 0.000000000000000000e+00 9.972000000000000000e+03 2.000000000000000000e+00
9.200000000000000000e+01 2.600000000000000000e+01 0.000000000000000000e+00 0.000000000000000000e+00 9.972000000000000000e+03 2.000000000000000000e+00
9.300000000000000000e+01 2.600000000000000000e+01 0.000000000000000000e+00 0.000000000000000000e+00 9.972000000000000000e+03 2.000000000000000000e+00
9.400000000000000000e+01 2.600000000000000000e+01 0.000000000000000000e+00 0.000000000000000000e+00 9.972000000000000000e+03 2.000000000000000000e+00
9.500000000000000000e+01 2.600000000000000000e+01 0.000000000000000000e+00 0.000000000000000000e+00 9.972000000000000000e+03 2.000000000000000000e+00
9.600000000000000000e+01 2.600000000000000000e+01 0.000000000000000000e+00 0.000000000000000000e+00 9.972000000000000000e+03 2.000000000000000000e+00
9.700000000000000000e+01 2.600000000000000000e+01 0.000000000000000000e+00 0.000000000000000000e+00 9.973000000000000000e+03 1.000000000000000000e+00
9.800000000000000000e+01 2.600000000000000000e+01 0.000000000000000000e+00 0.000000000000000000e+00 9.973000000000000000e+03 1.000000000000000000e+00
9.900000000000000000e+01 2.600000000000000000e+01 0.000000000000000000e+00 0.000000000000000000e+00 9.973000000000000000e+03 1.000000000000000000e+00
