0.000000000000000000e+00 9.900000000000000000e+03 1.000000000000000000e+02 0.000000000000000000e+00 0.000000000000000000e+00 0.000000000000000000e+00
1.000000000000000000e+00 9.817000000000000000e+03 1.350000000000000000e+02 4.400000000000000000e+01 4.000000000000000000e+00 0.000000000000000000e+00
2.000000000000000000e+00 9.472000000000000000e+03 4.220000000000000000e+02 8.000000000000000000e+01 2.000000000000000000e+01 6.000000000000000000e+00
3.000000000000000000e+00 8.385000000000000000e+03 1.302000000000000000e+03 2.400000000000000000e+02 5.000000000000000000e+01 2.300000000000000000e+01
4.000000000000000000e+00 6.432000000000000000e+03 2.579000000000000000e+03 7.420000000000000000e+02 1.660000000000000000e+02 8.100000000000000000e+01
5.000000000000000000e+00 4.313000000000000000e+03 3.114000000000000000e+03 1.912000000000000000e+03 3.890000000000000000e+02 2.720000000000000000e+02
6.000000000000000000e+00 2.605000000000000000e+03 2.837000000000000000e+03 2.954000000000000000e+03 8.500000000000000000e+02 7.540000000000000000e+02
7.000000000000000000e+00 1.705000000000000000e+03 1.828000000000000000e+03 3.524000000000000000e+03 1.440000000000000000e+03 1.503000000000000000e+03
8.000000000000000000e+00 1.161000000000000000e+03 1.165000000000000000e+03 3.121000000000000000e+03 2.184000000000000000e+03 2.369000000000000000e+03
9.000000000000000000e+00 8.530000000000000000e+02 7.210000000000000000e+02 2.361000000000000000e+03 2.936000000000000000e+03 3.129000000000000000e+03
1.000000000000000000e+01 5.820000000000000000e+02 5.660000000000000000e+02 1.590000000000000000e+03 3.750000000000000000e+03 3.512000000000000000e+03
1.100000000000000000e+01 4.250000000000000000e+02 4.000000000000000000e+02 1.037000000000000000e+03 4.476000000000000000e+03 3.662000000000000000e+03
1.200000000000000000e+01 2.980000000000000000e+02 3.210000000000000000e+02 6.940000000000000000e+02 5.173000000000000000e+03 3.514000000000000000e+03
1.300000000000000000e+01 2.030000000000000000e+02 2.310000000000000000e+02 4.870000000000000000e+02 5.855000000000000000e+03 3.224000000000000000e+03
1.400000000000000000e+01 1.460000000000000000e+02 1.590000000000000000e+02 3.380000000000000000e+02 6.489000000000000000e+03 2.868000000000000000e+03
1.500000000000000000e+01 9.300000000000000000e+01 1.200000000000000000e+02 2.600000000000000000e+02 7.025000000000000000e+03 2.502000000000000000e+03
1.600000000000000000e+01 6.900000000000000000e+01 7.800000000000000000e+01 1.870000000000000000e+02 7.527000000000000000e+03 2.139000000000000000e+03
1.700000000000000000e+01 5.500000000000000000e+01 5.600000000000000000e+01 1.250000000000000000e+02 7.990000000000000000e+03 1.774000000000000000e+03
1.800000000000000000e+01 3.500000000000000000e+01 4.800000000000000000e+01 8.600000000000000000e+01 8.365000000000000000e+03 1.466000000000000000e+03
1.900000000000000000e+01 2.300000000000000000e+01 2.700000000000000000e+01 7.200000000000000000e+01 8.721000000000000000e+03 1.157000000000000000e+03
2.000000000000000000e+01 1.700000000000000000e+01 2.300000000000000000e+01 4.800000000000000000e+01 8.995000000000000000e+03 9.170000000000000000e+02
2.100000000000000000e+01 1.200000000000000000e+01 1.800000000000000000e+01 4.000000000000000000e+01 9.203000000000000000e+03 7.270000000000000000e+02
2.200000000000000000e+01 1.100000000000000000e+01 7.000000000000000000e+00 3.300000000000000000e+01 9.384000000000000000e+03 5.650000000000000000e+02
2.300000000000000000e+01 5.000000000000000000e+00 9.000000000000000000e+00 2.100000000000000000e+01 9.533000000000000000e+03 4.320000000000000000e+02
2.400000000000000000e+01 3.000000000000000000e+00 5.000000000000000000e+00 2.000000000000000000e+01 9.615000000000000000e+03 3.570000000000000000e+02
2.500000000000000000e+01 2.000000000000000000e+00 4.000000000000000000e+00 1.300000000000000000e+01 9.705000000000000000e+03 2.760000000000000000e+02
2.600000000000000000e+01 2.000000000000000000e+00 2.000000000000000000e+00 1.000000000000000000e+01 9.764000000000000000e+03 2.220000000000000000e+02
2.700000000000000000e+01 1.000000000000000000e+00 2.000000000000000000e+00 8.000000000000000000e+00 9.813000000000000000e+03 1.760000000000000000e+02
2.800000000000000000e+01 1.000000000000000000e+00 0.000000000000000000e+00 8.000000000000000000e+00 9.847000000000000000e+03 1.440000000000000000e+02
2.900000000000000000e+01 1.000000000000000000e+00 0.000000000000000000e+00 6.000000000000000000e+00 9.879000000000000000e+03 1.140000000000000000e+02
3.000000000000000000e+01 1.000000000000000000e+00 0.000000000000000000e+00 2.000000000000000000e+00 9.902000000000000000e+03 9.500000000000000000e+01
3.100000000000000000e+01 1.000000000000000000e+00 0.000000000000000000e+00 2.000000000000000000e+00 9.916000000000000000e+03 8.100000000000000000e+01
3.200000000000000000e+01 1.000000000000000000e+00 0.000000000000000000e+00 1.000000000000000000e+00 9.932000000000000000e+03 6.600000000000000000e+01
3.300000000000000000e+01 0.000000000000000000e+00 1.000000000000000000e+00 1.000000000000000000e+00 9.947000000000000000e+03 5.100000000000000000e+01
3.400000000000000000e+01 0.000000000000000000e+00 0.000000000000000000e+00 2.000000000000000000e+00 9.955000000000000000e+03 4.300000000000000000e+01
3.500000000000000000e+01 0.000000000000000000e+00 0.000000000000000000e+00 1.000000000000000000e+00 9.962000000000000000e+03 3.700000000000000000e+01
3.600000000000000000e+01 0.000000000000000000e+00 0.000000000000000000e+00 0.000000000000000000e+00 9.967000000000000000e+03 3.300000000000000000e+01
3.700000000000000000e+01 0.000000000000000000e+00 0.000000000000000000e+00 0.000000000000000000e+00 9.972000000000000000e+03 2.800000000000000000e+01
3.800000000000000000e+01 0.000000000000000000e+00 0.000000000000000000e+00 0.000000000000000000e+00 9.980000000000000000e+03 2.000000000000000000e+01
3.900000000000000000e+01 0.000000000000000000e+00 0.000000000000000000e+00 0.000000000000000000e+00 9.983000000000000000e+03 1.700000000000000000e+01
4.000000000000000000e+01 0.000000000000000000e+00 0.000000000000000000e+00 0.000000000000000000e+00 9.983000000000000000e+03 1.700000000000000000e+01
4.100000000000000000e+01 0.000000000000000000e+00 0.000000000000000000e+00 0.000000000000000000e+00 9.985000000000000000e+03 1.500000000000000000e+01
4.200000000000000000e+01 0.000000000000000000e+00 0.000000000000000000e+00 0.000000000000000000e+00 9.986000000000000000e+03 1.400000000000000000e+01
4.300000000000000000e+01 0.000000000000000000e+00 0.000000000000000000e+00 0.000000000000000000e+00 9.989000000000000000e+03 1.100000000000000000e+01
4.400000000000000000e+01 0.000000000000000000e+00 0.000000000000000000e+00 0.000000000000000000e+00 9.991000000000000000e+03 9.000000000000000000e+00
4.500000000000000000e+01 0.000000000000000000e+00 0.000000000000000000e+00 0.000000000000000000e+00 9.992000000000000000e+03 8.000000000000000000e+00
4.600000000000000000e+01 0.000000000000000000e+00 0.000000000000000000e+00 0.000000000000000000e+00 9.994000000000000000e+03 6.000000000000000000e+00
4.700000000000000000e+01 0.000000000000000000e+00 0.000000000000000000e+00 0.000000000000000000e+00 9.995000000000000000e+03 5.000000000000000000e+00
4.800000000000000000e+01 0.000000000000000000e+00 0.000000000000000000e+00 0.000000000000000000e+00 9.995000000000000000e+03 5.000000000000000000e+00
4.900000000000000000e+01 0.000000000000000000e+00 0.000000000000000000e+00 0.000000000000000000e+00 9.995000000000000000e+03 5.000000000000000000e+00
5.000000000000000000e+01 0.000000000000000000e+00 0.000000000000000000e+00 0.000000000000000000e+00 9.996000000000000000e+03 4.000000000000000000e+00
5.100000000000000000e+01 0.000000000000000000e+00 0.000000000000000000e+00 0.000000000000000000e+00 9.997000000000000000e+03 3.000000000000000000e+00
5.200000000000000000e+01 0.000000000000000000e+00 0.000000000000000000e+00 0.000000000000000000e+00 9.997000000000000000e+03 3.000000000000000000e+00
5.300000000000000000e+01 0.000000000000000000e+00 0.000000000000000000e+00 0.000000000000000000e+00 9.998000000000000000e+03 2.000000000000000000e+00
5.400000000000000000e+01 0.000000000000000000e+00 0.000000000000000000e+00 0.000000000000000000e+00 9.998000000000000000e+03 2.000000000000000000e+00
5.500000000000000000e+01 0.000000000000000000e+00 0.000000000000000000e+00 0.000000000000000000e+00 9.999000000000000000e+03 1.000000000000000000e+00
5.600000000000000000e+01 0.000000000000000000e+00 0.000000000000000000e+00 0.000000000000000000e+00 9.999000000000000000e+03 1.000000000000000000e+00
5.700000000000000000e+01 0.000000000000000000e+00 0.000000000000000000e+00 0.000000000000000000e+00 9.999000000000000000e+03 1.000000000000000000e+00
5.800000000000000000e+01 0.000000000000000000e+00 0.000000000000000000e+00 0.000000000000000000e+00 9.999000000000000000e+03 1.000000000000000000e+00
5.900000000000000000e+01 0.000000000000000000e+00 0.000000000000000000e+00 0.000000000000000000e+00 9.999000000000000000e+03 1.000000000000000000e+00
6.000000000000000000e+01 0.000000000000000000e+00 0.000000000000000000e+00 0.000000000000000000e+00 9.999000000000000000e+03 1.000000000000000000e+00
6.100000000000000000e+01 0.000000000000000000e+00 0.000000000000000000e+00 0.000000000000000000e+00 9.999000000000000000e+03 1.000000000000000000e+00
6.200000000000000000e+01 0.000000000000000000e+00 0.000000000000000000e+00 0.000000000000000000e+00 9.999000000000000000e+03 1.000000000000000000e+00
6.300000000000000000e+01 0.000000000000000000e+00 0.000000000000000000e+00 0.000000000000000000e+00 9.999000000000000000e+03 1.000000000000000000e+00
6.400000000000000000e+01 0.000000000000000000e+00 0.000000000000000000e+00 0.000000000000000000e+00 9.999000000000000000e+03 1.000000000000000000e+00
6.500000000000000000e+01 0.000000000000000000e+00 0.000000000000000000e+00 0.000000000000000000e+00 9.999000000000000000e+03 1.000000000000000000e+00
6.600000000000000000e+01 0.000000000000000000e+00 0.000000000000000000e+00 0.000000000000000000e+00 9.999000000000000000e+03 1.000000000000000000e+00
6.700000000000000000e+01 0.000000000000000000e+00 0.000000000000000000e+00 0.000000000000000000e+00 1.000000000000000000e+04 0.000000000000000000e+00
6.800000000000000000e+01 0.000000000000000000e+00 0.000000000000000000e+00 0.000000000000000000e+00 1.000000000000000000e+04 0.000000000000000000e+00
6.900000000000000000e+01 0.000000000000000000e+00 0.000000000000000000e+00 0.000000000000000000e+00 1.000000000000000000e+04 0.000000000000000000e+00
7.000000000000000000e+01 0.000000000000000000e+00 0.000000000000000000e+00 0.000000000000000000e+00 1.000000000000000000e+04 0.000000000000000000e+00
7.100000000000000000e+01 0.000000000000000000e+00 0.000000000000000000e+00 0.000000000000000000e+00 1.000000000000000000e+04 0.000000000000000000e+00
7.200000000000000000e+01 0.000000000000000000e+00 0.000000000000000000e+00 0.000000000000000000e+00 1.000000000000000000e+04 0.000000000000000000e+00
7.300000000000000000e+01 0.000000000000000000e+00 0.000000000000000000e+00 0.000000000000000000e+00 1.000000000000000000e+04 0.000000000000000000e+00
7.400000000000000000e+01 0.000000000000000000e+00 0.000000000000000000e+00 0.000000000000000000e+00 1.000000000000000000e+04 0.000000000000000000e+00
7.500000000000000000e+01 0.000000000000000000e+00 0.000000000000000000e+00 0.000000000000000000e+00 1.000000000000000000e+04 0.000000000000000000e+00
7.600000000000000000e+01 0.000000000000000000e+00 0.000000000000000000e+00 0.000000000000000000e+00 1.000000000000000000e+04 0.000000000000000000e+00
7.700000000000000000e+01 0.000000000000000000e+00 0.000000000000000000e+00 0.000000000000000000e+00 1.000000000000000000e+04 0.000000000000000000e+00
7.800000000000000000e+01 0.000000000000000000e+00 0.000000000000000000e+00 0.000000000000000000e+00 1.000000000000000000e+04 0.000000000000000000e+00
7.900000000000000000e+01 0.000000000000000000e+00 0.000000000000000000e+00 0.000000000000000000e+00 1.000000000000000000e+04 0.000000000000000000e+00
8.000000000000000000e+01 0.000000000000000000e+00 0.000000000000000000e+00 0.000000000000000000e+00 1.000000000000000000e+04 0.000000000000000000e+00
8.100000000000000000e+01 0.000000000000000000e+00 0.000000000000000000e+00 0.000000000000000000e+00 1.000000000000000000e+04 0.000000000000000000e+00
8.200000000000000000e+01 0.000000000000000000e+00 0.000000000000000000e+00 0.000000000000000000e+00 1.000000000000000000e+04 0.000000000000000000e+00
8.300000000000000000e+01 0.000000000000000000e+00 0.000000000000000000e+00 0.000000000000000000e+00 1.000000000000000000e+04 0.000000000000000000e+00
8.400000000000000000e+01 0.000000000000000000e+00 0.000000000000000000e+00 0.000000000000000000e+00 1.000000000000000000e+04 0.000000000000000000e+00
8.500000000000000000e+01 0.000000000000000000e+00 0.000000000000000000e+00 0.000000000000000000e+00 1.000000000000000000e+04 0.000000000000000000e+00
8.600000000000000000e+01 0.000000000000000000e+00 0.000000000000000000e+00 0.000000000000000000e+00 1.000000000000000000e+04 0.000000000000000000e+00
8.700000000000000000e+01 0.000000000000000000e+00 0.000000000000000000e+00 0.000000000000000000e+00 1.000000000000000000e+04 0.000000000000000000e+00
8.800000000000000000e+01 0.000000000000000000e+00 0.000000000000000000e+00 0.000000000000000000e+00 1.000000000000000000e+04 0.000000000000000000e+00
8.900000000000000000e+01 0.000000000000000000e+00 0.000000000000000000e+00 0.000000000000000000e+00 1.000000000000000000e+04 0.000000000000000000e+00
9.000000000000000000e+01 0.000000000000000000e+00 0.000000000000000000e+00 0.000000000000000000e+00 1.000000000000000000e+04 0.000000000000000000e+00
9.100000000000000000e+01 0.000000000000000000e+00 0.000000000000000000e+00 0.000000000000000000e+00 1.000000000000000000e+04 0.000000000000000000e+00
9.200000000000000000e+01 0.000000000000000000e+00 0.000000000000000000e+00 0.000000000000000000e+00 1.000000000000000000e+04 0.000000000000000000e+00
9.300000000000000000e+01 0.000000000000000000e+00 0.000000000000000000e+00 0.000000000000000000e+00 1.000000000000000000e+04 0.000000000000000000e+00
9.400000000000000000e+01 0.000000000000000000e+00 0.000000000000000000e+00 0.000000000000000000e+00 1.000000000000000000e+04 0.000000000000000000e+00
9.500000000000000000e+01 0.000000000000000000e+00 0.000000000000000000e+00 0.000000000000000000e+00 1.000000000000000000e+04 0.000000000000000000e+00
9.600000000000000000e+01 0.000000000000000000e+00 0.000000000000000000e+00 0.000000000000000000e+00 1.000000000000000000e+04 0.000000000000000000e+00
9.700000000000000000e+01 0.000000000000000000e+00 0.000000000000000000e+00 0.000000000000000000e+00 1.000000000000000000e+04 0.000000000000000000e+00
9.800000000000000000e+01 0.000000000000000000e+00 0.000000000000000000e+00 0.000000000000000000e+00 1.000000000000000000e+04 0.000000000000000000e+00
9.900000000000000000e+01 0.000000000000000000e+00 0.000000000000000000e+00 0.000000000000000000e+00 1.000000000000000000e+04 0.000000000000000000e+00
1.000000000000000000e+02 0.000000000000000000e+00 0.000000000000000000e+00 0.000000000000000000e+00 1.000000000000000000e+04 0.000000000000000000e+00
