0.000000000000000000e+00 9.990000000000000000e+03 1.000000000000000000e+01 0.000000000000000000e+00 0.000000000000000000e+00 0.000000000000000000e+00
1.000000000000000056e-01 9.989000000000000000e+03 1.100000000000000000e+01 0.000000000000000000e+00 0.000000000000000000e+00 0.000000000000000000e+00
2.000000000000000111e-01 9.988000000000000000e+03 8.000000000000000000e+00 4.000000000000000000e+00 0.000000000000000000e+00 0.000000000000000000e+00
3.000000000000000444e-01 9.988000000000000000e+03 6.000000000000000000e+00 5.000000000000000000e+00 1.000000000000000000e+00 0.000000000000000000e+00
4.000000000000000222e-01 9.986000000000000000e+03 7.000000000000000000e+00 6.000000000000000000e+00 1.000000000000000000e+00 0.000000000000000000e+00
5.000000000000000000e-01 9.985000000000000000e+03 8.000000000000000000e+00 6.000000000000000000e+00 1.000000000000000000e+00 0.000000000000000000e+00
5.999999999999999778e-01 9.983000000000000000e+03 1.000000000000000000e+01 6.000000000000000000e+00 1.000000000000000000e+00 0.000000000000000000e+00
6.999999999999999556e-01 9.978000000000000000e+03 1.400000000000000000e+01 5.000000000000000000e+00 2.000000000000000000e+00 1.000000000000000000e+00
7.999999999999999334e-01 9.977000000000000000e+03 1.300000000000000000e+01 7.000000000000000000e+00 2.000000000000000000e+00 1.000000000000000000e+00
8.999999999999999112e-01 9.971000000000000000e+03 1.700000000000000000e+01 9.000000000000000000e+00 2.000000000000000000e+00 1.000000000000000000e+00
9.999999999999998890e-01 9.967000000000000000e+03 1.900000000000000000e+01 1.000000000000000000e+01 3.000000000000000000e+00 1.000000000000000000e+00
1.099999999999999867e+00 9.958000000000000000e+03 2.700000000000000000e+01 1.100000000000000000e+01 3.000000000000000000e+00 1.000000000000000000e+00
1.199999999999999956e+00 9.949000000000000000e+03 3.300000000000000000e+01 1.400000000000000000e+01 3.000000000000000000e+00 1.000000000000000000e+00
1.300000000000000044e+00 9.942000000000000000e+03 3.800000000000000000e+01 1.400000000000000000e+01 4.000000000000000000e+00 2.000000000000000000e+00
1.400000000000000133e+00 9.930000000000000000e+03 4.900000000000000000e+01 1.400000000000000000e+01 4.000000000000000000e+00 3.000000000000000000e+00
1.500000000000000222e+00 9.918000000000000000e+03 5.700000000000000000e+01 1.700000000000000000e+01 5.000000000000000000e+00 3.000000000000000000e+00
1.600000000000000311e+00 9.901000000000000000e+03 7.100000000000000000e+01 2.000000000000000000e+01 5.000000000000000000e+00 3.000000000000000000e+00
1.700000000000000400e+00 9.880000000000000000e+03 8.500000000000000000e+01 2.500000000000000000e+01 6.000000000000000000e+00 4.000000000000000000e+00
1.800000000000000488e+00 9.869000000000000000e+03 9.200000000000000000e+01 2.400000000000000000e+01 7.000000000000000000e+00 8.000000000000000000e+00
1.900000000000000577e+00 9.852000000000000000e+03 1.030000000000000000e+02 2.700000000000000000e+01 9.000000000000000000e+00 9.000000000000000000e+00
2.000000000000000444e+00 9.830000000000000000e+03 1.170000000000000000e+02 3.200000000000000000e+01 1.100000000000000000e+01 1.000000000000000000e+01
2.100000000000000533e+00 9.805000000000000000e+03 1.370000000000000000e+02 3.500000000000000000e+01 1.300000000000000000e+01 1.000000000000000000e+01
2.200000000000000622e+00 9.778000000000000000e+03 1.480000000000000000e+02 4.700000000000000000e+01 1.700000000000000000e+01 1.000000000000000000e+01
2.300000000000000711e+00 9.737000000000000000e+03 1.840000000000000000e+02 4.800000000000000000e+01 1.700000000000000000e+01 1.400000000000000000e+01
2.400000000000000799e+00 9.695000000000000000e+03 2.180000000000000000e+02 5.600000000000000000e+01 1.700000000000000000e+01 1.400000000000000000e+01
2.500000000000000888e+00 9.649000000000000000e+03 2.580000000000000000e+02 6.200000000000000000e+01 1.700000000000000000e+01 1.400000000000000000e+01
2.600000000000000977e+00 9.611000000000000000e+03 2.870000000000000000e+02 6.700000000000000000e+01 1.900000000000000000e+01 1.600000000000000000e+01
2.700000000000001066e+00 9.568000000000000000e+03 3.140000000000000000e+02 7.800000000000000000e+01 2.300000000000000000e+01 1.700000000000000000e+01
2.800000000000001155e+00 9.513000000000000000e+03 3.570000000000000000e+02 8.600000000000000000e+01 2.700000000000000000e+01 1.700000000000000000e+01
2.900000000000001243e+00 9.451000000000000000e+03 3.940000000000000000e+02 1.060000000000000000e+02 3.200000000000000000e+01 1.700000000000000000e+01
3.000000000000001332e+00 9.381000000000000000e+03 4.390000000000000000e+02 1.240000000000000000e+02 3.800000000000000000e+01 1.800000000000000000e+01
3.100000000000001421e+00 9.307000000000000000e+03 4.880000000000000000e+02 1.410000000000000000e+02 4.500000000000000000e+01 1.900000000000000000e+01
3.200000000000001510e+00 9.242000000000000000e+03 5.200000000000000000e+02 1.670000000000000000e+02 5.000000000000000000e+01 2.100000000000000000e+01
3.300000000000001599e+00 9.163000000000000000e+03 5.640000000000000000e+02 1.880000000000000000e+02 6.000000000000000000e+01 2.500000000000000000e+01
3.400000000000001688e+00 9.083000000000000000e+03 6.130000000000000000e+02 2.090000000000000000e+02 6.800000000000000000e+01 2.700000000000000000e+01
3.500000000000001776e+00 8.976000000000000000e+03 6.920000000000000000e+02 2.300000000000000000e+02 7.400000000000000000e+01 2.800000000000000000e+01
3.600000000000001865e+00 8.842000000000000000e+03 7.800000000000000000e+02 2.610000000000000000e+02 8.500000000000000000e+01 3.200000000000000000e+01
3.700000000000001954e+00 8.725000000000000000e+03 8.500000000000000000e+02 2.920000000000000000e+02 9.300000000000000000e+01 4.000000000000000000e+01
3.800000000000002043e+00 8.603000000000000000e+03 9.160000000000000000e+02 3.280000000000000000e+02 1.110000000000000000e+02 4.200000000000000000e+01
3.900000000000002132e+00 8.446000000000000000e+03 1.011000000000000000e+03 3.640000000000000000e+02 1.240000000000000000e+02 5.500000000000000000e+01
4.000000000000001776e+00 8.276000000000000000e+03 1.115000000000000000e+03 4.120000000000000000e+02 1.370000000000000000e+02 6.000000000000000000e+01
4.100000000000001421e+00 8.112000000000000000e+03 1.218000000000000000e+03 4.550000000000000000e+02 1.510000000000000000e+02 6.400000000000000000e+01
4.200000000000001066e+00 7.934000000000000000e+03 1.327000000000000000e+03 4.900000000000000000e+02 1.770000000000000000e+02 7.200000000000000000e+01
4.300000000000000711e+00 7.714000000000000000e+03 1.478000000000000000e+03 5.350000000000000000e+02 1.910000000000000000e+02 8.200000000000000000e+01
4.400000000000000355e+00 7.476000000000000000e+03 1.624000000000000000e+03 5.820000000000000000e+02 2.210000000000000000e+02 9.700000000000000000e+01
4.500000000000000000e+00 7.244000000000000000e+03 1.745000000000000000e+03 6.430000000000000000e+02 2.500000000000000000e+02 1.180000000000000000e+02
4.599999999999999645e+00 6.970000000000000000e+03 1.911000000000000000e+03 7.160000000000000000e+02 2.710000000000000000e+02 1.320000000000000000e+02
4.699999999999999289e+00 6.685000000000000000e+03 2.084000000000000000e+03 7.750000000000000000e+02 3.150000000000000000e+02 1.410000000000000000e+02
4.799999999999998934e+00 6.414000000000000000e+03 2.229000000000000000e+03 8.590000000000000000e+02 3.410000000000000000e+02 1.570000000000000000e+02
4.899999999999998579e+00 6.134000000000000000e+03 2.365000000000000000e+03 9.510000000000000000e+02 3.640000000000000000e+02 1.860000000000000000e+02
4.999999999999998224e+00 5.843000000000000000e+03 2.536000000000000000e+03 1.020000000000000000e+03 3.970000000000000000e+02 2.040000000000000000e+02
5.099999999999997868e+00 5.578000000000000000e+03 2.622000000000000000e+03 1.119000000000000000e+03 4.470000000000000000e+02 2.340000000000000000e+02
5.199999999999997513e+00 5.301000000000000000e+03 2.764000000000000000e+03 1.191000000000000000e+03 4.820000000000000000e+02 2.620000000000000000e+02
5.299999999999997158e+00 5.012000000000000000e+03 2.871000000000000000e+03 1.299000000000000000e+03 5.260000000000000000e+02 2.920000000000000000e+02
5.399999999999996803e+00 4.700000000000000000e+03 3.013000000000000000e+03 1.403000000000000000e+03 5.640000000000000000e+02 3.200000000000000000e+02
5.499999999999996447e+00 4.414000000000000000e+03 3.095000000000000000e+03 1.529000000000000000e+03 6.120000000000000000e+02 3.500000000000000000e+02
5.599999999999996092e+00 4.081000000000000000e+03 3.220000000000000000e+03 1.658000000000000000e+03 6.530000000000000000e+02 3.880000000000000000e+02
5.699999999999995737e+00 3.820000000000000000e+03 3.272000000000000000e+03 1.770000000000000000e+03 7.100000000000000000e+02 4.280000000000000000e+02
5.799999999999995381e+00 3.540000000000000000e+03 3.361000000000000000e+03 1.889000000000000000e+03 7.470000000000000000e+02 4.630000000000000000e+02
5.899999999999995026e+00 3.289000000000000000e+03 3.429000000000000000e+03 1.978000000000000000e+03 8.010000000000000000e+02 5.030000000000000000e+02
5.999999999999994671e+00 3.033000000000000000e+03 3.471000000000000000e+03 2.094000000000000000e+03 8.590000000000000000e+02 5.430000000000000000e+02
6.099999999999994316e+00 2.800000000000000000e+03 3.485000000000000000e+03 2.198000000000000000e+03 9.250000000000000000e+02 5.920000000000000000e+02
6.199999999999993960e+00 2.602000000000000000e+03 3.458000000000000000e+03 2.306000000000000000e+03 9.880000000000000000e+02 6.460000000000000000e+02
6.299999999999993605e+00 2.407000000000000000e+03 3.438000000000000000e+03 2.410000000000000000e+03 1.049000000000000000e+03 6.960000000000000000e+02
6.399999999999993250e+00 2.214000000000000000e+03 3.460000000000000000e+03 2.470000000000000000e+03 1.097000000000000000e+03 7.590000000000000000e+02
6.499999999999992895e+00 2.004000000000000000e+03 3.463000000000000000e+03 2.556000000000000000e+03 1.164000000000000000e+03 8.130000000000000000e+02
6.599999999999992539e+00 1.858000000000000000e+03 3.384000000000000000e+03 2.666000000000000000e+03 1.229000000000000000e+03 8.630000000000000000e+02
6.699999999999992184e+00 1.719000000000000000e+03 3.348000000000000000e+03 2.726000000000000000e+03 1.292000000000000000e+03 9.150000000000000000e+02
6.799999999999991829e+00 1.566000000000000000e+03 3.317000000000000000e+03 2.795000000000000000e+03 1.355000000000000000e+03 9.670000000000000000e+02
6.899999999999991473e+00 1.430000000000000000e+03 3.267000000000000000e+03 2.863000000000000000e+03 1.419000000000000000e+03 1.021000000000000000e+03
6.999999999999991118e+00 1.301000000000000000e+03 3.194000000000000000e+03 2.916000000000000000e+03 1.499000000000000000e+03 1.090000000000000000e+03
7.099999999999990763e+00 1.206000000000000000e+03 3.081000000000000000e+03 2.990000000000000000e+03 1.575000000000000000e+03 1.148000000000000000e+03
7.199999999999990408e+00 1.098000000000000000e+03 2.991000000000000000e+03 3.037000000000000000e+03 1.654000000000000000e+03 1.220000000000000000e+03
7.299999999999990052e+00 9.850000000000000000e+02 2.910000000000000000e+03 3.073000000000000000e+03 1.740000000000000000e+03 1.292000000000000000e+03
7.399999999999989697e+00 9.250000000000000000e+02 2.805000000000000000e+03 3.103000000000000000e+03 1.809000000000000000e+03 1.358000000000000000e+03
7.499999999999989342e+00 8.620000000000000000e+02 2.680000000000000000e+03 3.132000000000000000e+03 1.887000000000000000e+03 1.439000000000000000e+03
7.599999999999988987e+00 7.910000000000000000e+02 2.583000000000000000e+03 3.151000000000000000e+03 1.970000000000000000e+03 1.505000000000000000e+03
7.699999999999988631e+00 7.350000000000000000e+02 2.459000000000000000e+03 3.199000000000000000e+03 2.037000000000000000e+03 1.570000000000000000e+03
7.799999999999988276e+00 6.680000000000000000e+02 2.358000000000000000e+03 3.224000000000000000e+03 2.122000000000000000e+03 1.628000000000000000e+03
7.899999999999987921e+00 6.190000000000000000e+02 2.263000000000000000e+03 3.250000000000000000e+03 2.179000000000000000e+03 1.689000000000000000e+03
7.999999999999987566e+00 5.720000000000000000e+02 2.156000000000000000e+03 3.268000000000000000e+03 2.246000000000000000e+03 1.758000000000000000e+03
8.099999999999987210e+00 5.370000000000000000e+02 2.060000000000000000e+03 3.270000000000000000e+03 2.316000000000000000e+03 1.817000000000000000e+03
8.199999999999986855e+00 5.120000000000000000e+02 1.946000000000000000e+03 3.279000000000000000e+03 2.377000000000000000e+03 1.886000000000000000e+03
8.299999999999986500e+00 4.720000000000000000e+02 1.849000000000000000e+03 3.282000000000000000e+03 2.451000000000000000e+03 1.946000000000000000e+03
8.399999999999986144e+00 4.420000000000000000e+02 1.751000000000000000e+03 3.276000000000000000e+03 2.518000000000000000e+03 2.013000000000000000e+03
8.499999999999985789e+00 4.160000000000000000e+02 1.673000000000000000e+03 3.269000000000000000e+03 2.581000000000000000e+03 2.061000000000000000e+03
8.599999999999985434e+00 3.790000000000000000e+02 1.622000000000000000e+03 3.229000000000000000e+03 2.641000000000000000e+03 2.129000000000000000e+03
8.699999999999985079e+00 3.490000000000000000e+02 1.538000000000000000e+03 3.192000000000000000e+03 2.714000000000000000e+03 2.207000000000000000e+03
8.799999999999984723e+00 3.270000000000000000e+02 1.444000000000000000e+03 3.168000000000000000e+03 2.783000000000000000e+03 2.278000000000000000e+03
8.899999999999984368e+00 3.070000000000000000e+02 1.383000000000000000e+03 3.122000000000000000e+03 2.864000000000000000e+03 2.324000000000000000e+03
8.999999999999984013e+00 2.840000000000000000e+02 1.330000000000000000e+03 3.078000000000000000e+03 2.940000000000000000e+03 2.368000000000000000e+03
9.099999999999983658e+00 2.640000000000000000e+02 1.265000000000000000e+03 3.035000000000000000e+03 3.007000000000000000e+03 2.429000000000000000e+03
9.199999999999983302e+00 2.520000000000000000e+02 1.203000000000000000e+03 2.994000000000000000e+03 3.068000000000000000e+03 2.483000000000000000e+03
9.299999999999982947e+00 2.370000000000000000e+02 1.137000000000000000e+03 2.965000000000000000e+03 3.134000000000000000e+03 2.527000000000000000e+03
9.399999999999982592e+00 2.230000000000000000e+02 1.083000000000000000e+03 2.924000000000000000e+03 3.205000000000000000e+03 2.565000000000000000e+03
9.499999999999982236e+00 2.070000000000000000e+02 1.026000000000000000e+03 2.876000000000000000e+03 3.276000000000000000e+03 2.615000000000000000e+03
9.599999999999981881e+00 1.940000000000000000e+02 9.770000000000000000e+02 2.824000000000000000e+03 3.347000000000000000e+03 2.658000000000000000e+03
9.699999999999981526e+00 1.830000000000000000e+02 9.240000000000000000e+02 2.780000000000000000e+03 3.416000000000000000e+03 2.697000000000000000e+03
9.799999999999981171e+00 1.740000000000000000e+02 8.730000000000000000e+02 2.717000000000000000e+03 3.491000000000000000e+03 2.745000000000000000e+03
9.899999999999980815e+00 1.620000000000000000e+02 8.270000000000000000e+02 2.664000000000000000e+03 3.548000000000000000e+03 2.799000000000000000e+03
9.999999999999980460e+00 1.590000000000000000e+02 7.720000000000000000e+02 2.617000000000000000e+03 3.614000000000000000e+03 2.838000000000000000e+03
1.009999999999998010e+01 1.500000000000000000e+02 7.400000000000000000e+02 2.563000000000000000e+03 3.672000000000000000e+03 2.875000000000000000e+03
1.019999999999997975e+01 1.440000000000000000e+02 6.950000000000000000e+02 2.501000000000000000e+03 3.741000000000000000e+03 2.919000000000000000e+03
1.029999999999997939e+01 1.380000000000000000e+02 6.520000000000000000e+02 2.433000000000000000e+03 3.809000000000000000e+03 2.968000000000000000e+03
1.039999999999997904e+01 1.300000000000000000e+02 6.270000000000000000e+02 2.363000000000000000e+03 3.875000000000000000e+03 3.005000000000000000e+03
1.049999999999997868e+01 1.230000000000000000e+02 5.920000000000000000e+02 2.319000000000000000e+03 3.930000000000000000e+03 3.036000000000000000e+03
1.059999999999997833e+01 1.140000000000000000e+02 5.540000000000000000e+02 2.294000000000000000e+03 3.984000000000000000e+03 3.054000000000000000e+03
1.069999999999997797e+01 1.090000000000000000e+02 5.280000000000000000e+02 2.243000000000000000e+03 4.029000000000000000e+03 3.091000000000000000e+03
1.079999999999997762e+01 1.020000000000000000e+02 5.020000000000000000e+02 2.186000000000000000e+03 4.097000000000000000e+03 3.113000000000000000e+03
1.089999999999997726e+01 1.000000000000000000e+02 4.680000000000000000e+02 2.149000000000000000e+03 4.151000000000000000e+03 3.132000000000000000e+03
1.099999999999997691e+01 9.800000000000000000e+01 4.370000000000000000e+02 2.090000000000000000e+03 4.214000000000000000e+03 3.161000000000000000e+03
1.109999999999997655e+01 9.300000000000000000e+01 4.140000000000000000e+02 2.062000000000000000e+03 4.257000000000000000e+03 3.174000000000000000e+03
1.119999999999997620e+01 8.700000000000000000e+01 3.860000000000000000e+02 2.023000000000000000e+03 4.304000000000000000e+03 3.200000000000000000e+03
1.129999999999997584e+01 8.600000000000000000e+01 3.620000000000000000e+02 1.973000000000000000e+03 4.362000000000000000e+03 3.217000000000000000e+03
1.139999999999997549e+01 8.100000000000000000e+01 3.390000000000000000e+02 1.926000000000000000e+03 4.419000000000000000e+03 3.235000000000000000e+03
1.149999999999997513e+01 7.600000000000000000e+01 3.130000000000000000e+02 1.855000000000000000e+03 4.496000000000000000e+03 3.260000000000000000e+03
1.159999999999997478e+01 7.400000000000000000e+01 2.970000000000000000e+02 1.819000000000000000e+03 4.549000000000000000e+03 3.261000000000000000e+03
1.169999999999997442e+01 7.100000000000000000e+01 2.870000000000000000e+02 1.756000000000000000e+03 4.598000000000000000e+03 3.288000000000000000e+03
1.179999999999997407e+01 6.800000000000000000e+01 2.740000000000000000e+02 1.702000000000000000e+03 4.652000000000000000e+03 3.304000000000000000e+03
1.189999999999997371e+01 6.700000000000000000e+01 2.600000000000000000e+02 1.652000000000000000e+03 4.695000000000000000e+03 3.326000000000000000e+03
1.199999999999997335e+01 6.300000000000000000e+01 2.420000000000000000e+02 1.599000000000000000e+03 4.743000000000000000e+03 3.353000000000000000e+03
1.209999999999997300e+01 6.100000000000000000e+01 2.260000000000000000e+02 1.559000000000000000e+03 4.795000000000000000e+03 3.359000000000000000e+03
1.219999999999997264e+01 5.900000000000000000e+01 2.140000000000000000e+02 1.517000000000000000e+03 4.843000000000000000e+03 3.367000000000000000e+03
1.229999999999997229e+01 5.600000000000000000e+01 2.070000000000000000e+02 1.479000000000000000e+03 4.892000000000000000e+03 3.366000000000000000e+03
1.239999999999997193e+01 5.300000000000000000e+01 1.890000000000000000e+02 1.441000000000000000e+03 4.945000000000000000e+03 3.372000000000000000e+03
1.249999999999997158e+01 5.100000000000000000e+01 1.790000000000000000e+02 1.404000000000000000e+03 5.000000000000000000e+03 3.366000000000000000e+03
1.259999999999997122e+01 4.900000000000000000e+01 1.690000000000000000e+02 1.355000000000000000e+03 5.059000000000000000e+03 3.368000000000000000e+03
1.269999999999997087e+01 4.700000000000000000e+01 1.620000000000000000e+02 1.311000000000000000e+03 5.100000000000000000e+03 3.380000000000000000e+03
1.279999999999997051e+01 4.600000000000000000e+01 1.460000000000000000e+02 1.285000000000000000e+03 5.149000000000000000e+03 3.374000000000000000e+03
1.289999999999997016e+01 4.400000000000000000e+01 1.380000000000000000e+02 1.253000000000000000e+03 5.200000000000000000e+03 3.365000000000000000e+03
1.299999999999996980e+01 4.300000000000000000e+01 1.260000000000000000e+02 1.212000000000000000e+03 5.252000000000000000e+03 3.367000000000000000e+03
1.309999999999996945e+01 4.100000000000000000e+01 1.230000000000000000e+02 1.161000000000000000e+03 5.304000000000000000e+03 3.371000000000000000e+03
1.319999999999996909e+01 4.100000000000000000e+01 1.140000000000000000e+02 1.124000000000000000e+03 5.357000000000000000e+03 3.364000000000000000e+03
1.329999999999996874e+01 4.000000000000000000e+01 1.100000000000000000e+02 1.092000000000000000e+03 5.408000000000000000e+03 3.350000000000000000e+03
1.339999999999996838e+01 4.000000000000000000e+01 1.010000000000000000e+02 1.060000000000000000e+03 5.455000000000000000e+03 3.344000000000000000e+03
1.349999999999996803e+01 4.000000000000000000e+01 9.600000000000000000e+01 1.031000000000000000e+03 5.494000000000000000e+03 3.339000000000000000e+03
1.359999999999996767e+01 3.700000000000000000e+01 9.400000000000000000e+01 1.000000000000000000e+03 5.538000000000000000e+03 3.331000000000000000e+03
1.369999999999996732e+01 3.600000000000000000e+01 9.500000000000000000e+01 9.580000000000000000e+02 5.585000000000000000e+03 3.326000000000000000e+03
1.379999999999996696e+01 3.600000000000000000e+01 8.900000000000000000e+01 9.280000000000000000e+02 5.636000000000000000e+03 3.311000000000000000e+03
1.389999999999996660e+01 3.400000000000000000e+01 7.600000000000000000e+01 9.070000000000000000e+02 5.680000000000000000e+03 3.303000000000000000e+03
1.399999999999996625e+01 3.400000000000000000e+01 7.100000000000000000e+01 8.860000000000000000e+02 5.721000000000000000e+03 3.288000000000000000e+03
1.409999999999996589e+01 3.300000000000000000e+01 6.800000000000000000e+01 8.430000000000000000e+02 5.763000000000000000e+03 3.293000000000000000e+03
1.419999999999996554e+01 3.300000000000000000e+01 6.400000000000000000e+01 8.150000000000000000e+02 5.814000000000000000e+03 3.274000000000000000e+03
1.429999999999996518e+01 3.100000000000000000e+01 6.100000000000000000e+01 7.860000000000000000e+02 5.854000000000000000e+03 3.268000000000000000e+03
1.439999999999996483e+01 3.000000000000000000e+01 5.700000000000000000e+01 7.590000000000000000e+02 5.893000000000000000e+03 3.261000000000000000e+03
1.449999999999996447e+01 2.900000000000000000e+01 5.400000000000000000e+01 7.390000000000000000e+02 5.939000000000000000e+03 3.239000000000000000e+03
1.459999999999996412e+01 2.800000000000000000e+01 5.100000000000000000e+01 7.210000000000000000e+02 5.985000000000000000e+03 3.215000000000000000e+03
1.469999999999996376e+01 2.800000000000000000e+01 4.900000000000000000e+01 7.000000000000000000e+02 6.017000000000000000e+03 3.206000000000000000e+03
1.479999999999996341e+01 2.800000000000000000e+01 4.600000000000000000e+01 6.720000000000000000e+02 6.059000000000000000e+03 3.195000000000000000e+03
1.489999999999996305e+01 2.800000000000000000e+01 4.300000000000000000e+01 6.560000000000000000e+02 6.105000000000000000e+03 3.168000000000000000e+03
1.499999999999996270e+01 2.800000000000000000e+01 4.000000000000000000e+01 6.290000000000000000e+02 6.145000000000000000e+03 3.158000000000000000e+03
1.509999999999996234e+01 2.800000000000000000e+01 3.700000000000000000e+01 6.160000000000000000e+02 6.174000000000000000e+03 3.145000000000000000e+03
1.519999999999996199e+01 2.700000000000000000e+01 3.700000000000000000e+01 6.040000000000000000e+02 6.216000000000000000e+03 3.116000000000000000e+03
1.529999999999996163e+01 2.500000000000000000e+01 3.600000000000000000e+01 5.860000000000000000e+02 6.258000000000000000e+03 3.095000000000000000e+03
1.539999999999996128e+01 2.500000000000000000e+01 3.400000000000000000e+01 5.710000000000000000e+02 6.293000000000000000e+03 3.077000000000000000e+03
1.549999999999996092e+01 2.500000000000000000e+01 3.300000000000000000e+01 5.530000000000000000e+02 6.330000000000000000e+03 3.059000000000000000e+03
1.559999999999996056e+01 2.400000000000000000e+01 3.200000000000000000e+01 5.340000000000000000e+02 6.368000000000000000e+03 3.042000000000000000e+03
1.569999999999996021e+01 2.400000000000000000e+01 3.000000000000000000e+01 5.100000000000000000e+02 6.412000000000000000e+03 3.024000000000000000e+03
1.579999999999995985e+01 2.400000000000000000e+01 2.900000000000000000e+01 4.940000000000000000e+02 6.447000000000000000e+03 3.006000000000000000e+03
1.589999999999995950e+01 2.400000000000000000e+01 2.900000000000000000e+01 4.810000000000000000e+02 6.481000000000000000e+03 2.985000000000000000e+03
1.599999999999995914e+01 2.400000000000000000e+01 2.700000000000000000e+01 4.690000000000000000e+02 6.518000000000000000e+03 2.962000000000000000e+03
1.609999999999995879e+01 2.300000000000000000e+01 2.700000000000000000e+01 4.550000000000000000e+02 6.547000000000000000e+03 2.948000000000000000e+03
1.619999999999996021e+01 2.300000000000000000e+01 2.500000000000000000e+01 4.440000000000000000e+02 6.573000000000000000e+03 2.935000000000000000e+03
1.629999999999996163e+01 2.300000000000000000e+01 2.400000000000000000e+01 4.280000000000000000e+02 6.602000000000000000e+03 2.923000000000000000e+03
1.639999999999996305e+01 2.300000000000000000e+01 2.300000000000000000e+01 4.180000000000000000e+02 6.636000000000000000e+03 2.900000000000000000e+03
1.649999999999996447e+01 2.300000000000000000e+01 2.200000000000000000e+01 4.010000000000000000e+02 6.667000000000000000e+03 2.887000000000000000e+03
1.659999999999996589e+01 2.300000000000000000e+01 2.100000000000000000e+01 3.900000000000000000e+02 6.706000000000000000e+03 2.860000000000000000e+03
1.669999999999996732e+01 2.200000000000000000e+01 2.200000000000000000e+01 3.790000000000000000e+02 6.738000000000000000e+03 2.839000000000000000e+03
1.679999999999996874e+01 2.200000000000000000e+01 2.000000000000000000e+01 3.650000000000000000e+02 6.769000000000000000e+03 2.824000000000000000e+03
1.689999999999997016e+01 2.200000000000000000e+01 1.800000000000000000e+01 3.570000000000000000e+02 6.806000000000000000e+03 2.797000000000000000e+03
1.699999999999997158e+01 2.100000000000000000e+01 1.800000000000000000e+01 3.450000000000000000e+02 6.831000000000000000e+03 2.785000000000000000e+03
1.709999999999997300e+01 2.100000000000000000e+01 1.800000000000000000e+01 3.370000000000000000e+02 6.866000000000000000e+03 2.758000000000000000e+03
1.719999999999997442e+01 2.100000000000000000e+01 1.700000000000000000e+01 3.230000000000000000e+02 6.894000000000000000e+03 2.745000000000000000e+03
1.729999999999997584e+01 2.000000000000000000e+01 1.700000000000000000e+01 3.100000000000000000e+02 6.924000000000000000e+03 2.729000000000000000e+03
1.739999999999997726e+01 2.000000000000000000e+01 1.600000000000000000e+01 3.060000000000000000e+02 6.950000000000000000e+03 2.708000000000000000e+03
1.749999999999997868e+01 2.000000000000000000e+01 1.500000000000000000e+01 2.960000000000000000e+02 6.982000000000000000e+03 2.687000000000000000e+03
1.759999999999998010e+01 2.000000000000000000e+01 1.500000000000000000e+01 2.880000000000000000e+02 7.012000000000000000e+03 2.665000000000000000e+03
1.769999999999998153e+01 2.000000000000000000e+01 1.500000000000000000e+01 2.740000000000000000e+02 7.039000000000000000e+03 2.652000000000000000e+03
1.779999999999998295e+01 2.000000000000000000e+01 1.500000000000000000e+01 2.600000000000000000e+02 7.082000000000000000e+03 2.623000000000000000e+03
1.789999999999998437e+01 2.000000000000000000e+01 1.400000000000000000e+01 2.500000000000000000e+02 7.110000000000000000e+03 2.606000000000000000e+03
1.799999999999998579e+01 1.900000000000000000e+01 1.500000000000000000e+01 2.400000000000000000e+02 7.143000000000000000e+03 2.583000000000000000e+03
1.809999999999998721e+01 1.900000000000000000e+01 1.200000000000000000e+01 2.330000000000000000e+02 7.169000000000000000e+03 2.567000000000000000e+03
1.819999999999998863e+01 1.900000000000000000e+01 1.200000000000000000e+01 2.280000000000000000e+02 7.201000000000000000e+03 2.540000000000000000e+03
1.829999999999999005e+01 1.900000000000000000e+01 1.200000000000000000e+01 2.210000000000000000e+02 7.231000000000000000e+03 2.517000000000000000e+03
1.839999999999999147e+01 1.900000000000000000e+01 1.200000000000000000e+01 2.110000000000000000e+02 7.253000000000000000e+03 2.505000000000000000e+03
1.849999999999999289e+01 1.800000000000000000e+01 1.300000000000000000e+01 2.050000000000000000e+02 7.277000000000000000e+03 2.487000000000000000e+03
1.859999999999999432e+01 1.700000000000000000e+01 1.300000000000000000e+01 2.010000000000000000e+02 7.301000000000000000e+03 2.468000000000000000e+03
1.869999999999999574e+01 1.700000000000000000e+01 1.000000000000000000e+01 1.950000000000000000e+02 7.330000000000000000e+03 2.448000000000000000e+03
1.879999999999999716e+01 1.700000000000000000e+01 1.000000000000000000e+01 1.910000000000000000e+02 7.354000000000000000e+03 2.428000000000000000e+03
1.889999999999999858e+01 1.700000000000000000e+01 9.000000000000000000e+00 1.840000000000000000e+02 7.371000000000000000e+03 2.419000000000000000e+03
1.900000000000000000e+01 1.700000000000000000e+01 9.000000000000000000e+00 1.730000000000000000e+02 7.399000000000000000e+03 2.402000000000000000e+03
1.910000000000000142e+01 1.700000000000000000e+01 7.000000000000000000e+00 1.650000000000000000e+02 7.426000000000000000e+03 2.385000000000000000e+03
1.920000000000000284e+01 1.700000000000000000e+01 5.000000000000000000e+00 1.610000000000000000e+02 7.444000000000000000e+03 2.373000000000000000e+03
1.930000000000000426e+01 1.700000000000000000e+01 5.000000000000000000e+00 1.580000000000000000e+02 7.462000000000000000e+03 2.358000000000000000e+03
1.940000000000000568e+01 1.700000000000000000e+01 4.000000000000000000e+00 1.520000000000000000e+02 7.488000000000000000e+03 2.339000000000000000e+03
1.950000000000000711e+01 1.700000000000000000e+01 3.000000000000000000e+00 1.480000000000000000e+02 7.513000000000000000e+03 2.319000000000000000e+03
1.960000000000000853e+01 1.700000000000000000e+01 3.000000000000000000e+00 1.420000000000000000e+02 7.533000000000000000e+03 2.305000000000000000e+03
1.970000000000000995e+01 1.700000000000000000e+01 3.000000000000000000e+00 1.360000000000000000e+02 7.556000000000000000e+03 2.288000000000000000e+03
1.980000000000001137e+01 1.700000000000000000e+01 3.000000000000000000e+00 1.310000000000000000e+02 7.584000000000000000e+03 2.265000000000000000e+03
1.990000000000001279e+01 1.700000000000000000e+01 3.000000000000000000e+00 1.240000000000000000e+02 7.605000000000000000e+03 2.251000000000000000e+03
2.000000000000001421e+01 1.700000000000000000e+01 2.000000000000000000e+00 1.240000000000000000e+02 7.627000000000000000e+03 2.230000000000000000e+03
2.010000000000001563e+01 1.700000000000000000e+01 2.000000000000000000e+00 1.180000000000000000e+02 7.648000000000000000e+03 2.215000000000000000e+03
2.020000000000001705e+01 1.700000000000000000e+01 2.000000000000000000e+00 1.130000000000000000e+02 7.674000000000000000e+03 2.194000000000000000e+03
2.030000000000001847e+01 1.700000000000000000e+01 2.000000000000000000e+00 1.100000000000000000e+02 7.700000000000000000e+03 2.171000000000000000e+03
2.040000000000001990e+01 1.700000000000000000e+01 2.000000000000000000e+00 1.050000000000000000e+02 7.721000000000000000e+03 2.155000000000000000e+03
2.050000000000002132e+01 1.700000000000000000e+01 2.000000000000000000e+00 1.030000000000000000e+02 7.751000000000000000e+03 2.127000000000000000e+03
2.060000000000002274e+01 1.700000000000000000e+01 2.000000000000000000e+00 1.000000000000000000e+02 7.768000000000000000e+03 2.113000000000000000e+03
2.070000000000002416e+01 1.600000000000000000e+01 3.000000000000000000e+00 9.600000000000000000e+01 7.789000000000000000e+03 2.096000000000000000e+03
2.080000000000002558e+01 1.600000000000000000e+01 3.000000000000000000e+00 9.000000000000000000e+01 7.809000000000000000e+03 2.082000000000000000e+03
2.090000000000002700e+01 1.600000000000000000e+01 3.000000000000000000e+00 8.600000000000000000e+01 7.835000000000000000e+03 2.060000000000000000e+03
2.100000000000002842e+01 1.600000000000000000e+01 3.000000000000000000e+00 8.300000000000000000e+01 7.857000000000000000e+03 2.041000000000000000e+03
2.110000000000002984e+01 1.600000000000000000e+01 2.000000000000000000e+00 7.900000000000000000e+01 7.878000000000000000e+03 2.025000000000000000e+03
2.120000000000003126e+01 1.600000000000000000e+01 2.000000000000000000e+00 7.600000000000000000e+01 7.907000000000000000e+03 1.999000000000000000e+03
2.130000000000003268e+01 1.600000000000000000e+01 2.000000000000000000e+00 7.200000000000000000e+01 7.936000000000000000e+03 1.974000000000000000e+03
2.140000000000003411e+01 1.600000000000000000e+01 2.000000000000000000e+00 7.100000000000000000e+01 7.955000000000000000e+03 1.956000000000000000e+03
2.150000000000003553e+01 1.600000000000000000e+01 2.000000000000000000e+00 6.800000000000000000e+01 7.981000000000000000e+03 1.933000000000000000e+03
2.160000000000003695e+01 1.600000000000000000e+01 2.000000000000000000e+00 6.600000000000000000e+01 7.993000000000000000e+03 1.923000000000000000e+03
2.170000000000003837e+01 1.600000000000000000e+01 1.000000000000000000e+00 6.500000000000000000e+01 8.015000000000000000e+03 1.903000000000000000e+03
2.180000000000003979e+01 1.600000000000000000e+01 1.000000000000000000e+00 6.500000000000000000e+01 8.029000000000000000e+03 1.889000000000000000e+03
2.190000000000004121e+01 1.600000000000000000e+01 1.000000000000000000e+00 6.300000000000000000e+01 8.057000000000000000e+03 1.863000000000000000e+03
2.200000000000004263e+01 1.600000000000000000e+01 1.000000000000000000e+00 6.200000000000000000e+01 8.070000000000000000e+03 1.851000000000000000e+03
2.210000000000004405e+01 1.600000000000000000e+01 1.000000000000000000e+00 5.800000000000000000e+01 8.083000000000000000e+03 1.842000000000000000e+03
2.220000000000004547e+01 1.600000000000000000e+01 0.000000000000000000e+00 5.600000000000000000e+01 8.094000000000000000e+03 1.834000000000000000e+03
2.230000000000004690e+01 1.600000000000000000e+01 0.000000000000000000e+00 5.400000000000000000e+01 8.118000000000000000e+03 1.812000000000000000e+03
2.240000000000004832e+01 1.600000000000000000e+01 0.000000000000000000e+00 5.100000000000000000e+01 8.131000000000000000e+03 1.802000000000000000e+03
2.250000000000004974e+01 1.600000000000000000e+01 0.000000000000000000e+00 4.900000000000000000e+01 8.154000000000000000e+03 1.781000000000000000e+03
2.260000000000005116e+01 1.600000000000000000e+01 0.000000000000000000e+00 4.500000000000000000e+01 8.174000000000000000e+03 1.765000000000000000e+03
2.270000000000005258e+01 1.600000000000000000e+01 0.000000000000000000e+00 4.400000000000000000e+01 8.189000000000000000e+03 1.751000000000000000e+03
2.280000000000005400e+01 1.600000000000000000e+01 0.000000000000000000e+00 4.300000000000000000e+01 8.209000000000000000e+03 1.732000000000000000e+03
2.290000000000005542e+01 1.600000000000000000e+01 0.000000000000000000e+00 4.200000000000000000e+01 8.224000000000000000e+03 1.718000000000000000e+03
2.300000000000005684e+01 1.600000000000000000e+01 0.000000000000000000e+00 4.100000000000000000e+01 8.242000000000000000e+03 1.701000000000000000e+03
2.310000000000005826e+01 1.600000000000000000e+01 0.000000000000000000e+00 4.000000000000000000e+01 8.257000000000000000e+03 1.687000000000000000e+03
2.320000000000005969e+01 1.600000000000000000e+01 0.000000000000000000e+00 3.900000000000000000e+01 8.278000000000000000e+03 1.667000000000000000e+03
2.330000000000006111e+01 1.600000000000000000e+01 0.000000000000000000e+00 3.800000000000000000e+01 8.292000000000000000e+03 1.654000000000000000e+03
2.340000000000006253e+01 1.600000000000000000e+01 0.000000000000000000e+00 3.600000000000000000e+01 8.308000000000000000e+03 1.640000000000000000e+03
2.350000000000006395e+01 1.600000000000000000e+01 0.000000000000000000e+00 3.600000000000000000e+01 8.329000000000000000e+03 1.619000000000000000e+03
2.360000000000006537e+01 1.600000000000000000e+01 0.000000000000000000e+00 3.600000000000000000e+01 8.341000000000000000e+03 1.607000000000000000e+03
2.370000000000006679e+01 1.600000000000000000e+01 0.000000000000000000e+00 3.600000000000000000e+01 8.362000000000000000e+03 1.586000000000000000e+03
2.380000000000006821e+01 1.600000000000000000e+01 0.000000000000000000e+00 3.500000000000000000e+01 8.374000000000000000e+03 1.575000000000000000e+03
2.390000000000006963e+01 1.600000000000000000e+01 0.000000000000000000e+00 3.200000000000000000e+01 8.394000000000000000e+03 1.558000000000000000e+03
2.400000000000007105e+01 1.600000000000000000e+01 0.000000000000000000e+00 3.100000000000000000e+01 8.407000000000000000e+03 1.546000000000000000e+03
2.410000000000007248e+01 1.600000000000000000e+01 0.000000000000000000e+00 3.000000000000000000e+01 8.427000000000000000e+03 1.527000000000000000e+03
2.420000000000007390e+01 1.600000000000000000e+01 0.000000000000000000e+00 3.000000000000000000e+01 8.446000000000000000e+03 1.508000000000000000e+03
2.430000000000007532e+01 1.600000000000000000e+01 0.000000000000000000e+00 2.900000000000000000e+01 8.460000000000000000e+03 1.495000000000000000e+03
2.440000000000007674e+01 1.600000000000000000e+01 0.000000000000000000e+00 2.700000000000000000e+01 8.476000000000000000e+03 1.481000000000000000e+03
2.450000000000007816e+01 1.600000000000000000e+01 0.000000000000000000e+00 2.700000000000000000e+01 8.491000000000000000e+03 1.466000000000000000e+03
2.460000000000007958e+01 1.600000000000000000e+01 0.000000000000000000e+00 2.600000000000000000e+01 8.504000000000000000e+03 1.454000000000000000e+03
2.470000000000008100e+01 1.600000000000000000e+01 0.000000000000000000e+00 2.500000000000000000e+01 8.518000000000000000e+03 1.441000000000000000e+03
2.480000000000008242e+01 1.600000000000000000e+01 0.000000000000000000e+00 2.400000000000000000e+01 8.533000000000000000e+03 1.427000000000000000e+03
2.490000000000008384e+01 1.600000000000000000e+01 0.000000000000000000e+00 2.200000000000000000e+01 8.550000000000000000e+03 1.412000000000000000e+03
2.500000000000008527e+01 1.600000000000000000e+01 0.000000000000000000e+00 2.100000000000000000e+01 8.567000000000000000e+03 1.396000000000000000e+03
2.510000000000008669e+01 1.600000000000000000e+01 0.000000000000000000e+00 2.000000000000000000e+01 8.581000000000000000e+03 1.383000000000000000e+03
2.520000000000008811e+01 1.600000000000000000e+01 0.000000000000000000e+00 1.900000000000000000e+01 8.594000000000000000e+03 1.371000000000000000e+03
2.530000000000008953e+01 1.600000000000000000e+01 0.000000000000000000e+00 1.800000000000000000e+01 8.615000000000000000e+03 1.351000000000000000e+03
2.540000000000009095e+01 1.600000000000000000e+01 0.000000000000000000e+00 1.800000000000000000e+01 8.629000000000000000e+03 1.337000000000000000e+03
2.550000000000009237e+01 1.600000000000000000e+01 0.000000000000000000e+00 1.800000000000000000e+01 8.644000000000000000e+03 1.322000000000000000e+03
2.560000000000009379e+01 1.600000000000000000e+01 0.000000000000000000e+00 1.700000000000000000e+01 8.658000000000000000e+03 1.309000000000000000e+03
2.570000000000009521e+01 1.600000000000000000e+01 0.000000000000000000e+00 1.600000000000000000e+01 8.672000000000000000e+03 1.296000000000000000e+03
2.580000000000009663e+01 1.600000000000000000e+01 0.000000000000000000e+00 1.600000000000000000e+01 8.696000000000000000e+03 1.272000000000000000e+03
2.590000000000009805e+01 1.600000000000000000e+01 0.000000000000000000e+00 1.600000000000000000e+01 8.708000000000000000e+03 1.260000000000000000e+03
2.600000000000009948e+01 1.600000000000000000e+01 0.000000000000000000e+00 1.600000000000000000e+01 8.714000000000000000e+03 1.254000000000000000e+03
2.610000000000010090e+01 1.600000000000000000e+01 0.000000000000000000e+00 1.600000000000000000e+01 8.729000000000000000e+03 1.239000000000000000e+03
2.620000000000010232e+01 1.600000000000000000e+01 0.000000000000000000e+00 1.600000000000000000e+01 8.745000000000000000e+03 1.223000000000000000e+03
2.630000000000010374e+01 1.600000000000000000e+01 0.000000000000000000e+00 1.600000000000000000e+01 8.757000000000000000e+03 1.211000000000000000e+03
2.640000000000010516e+01 1.600000000000000000e+01 0.000000000000000000e+00 1.600000000000000000e+01 8.769000000000000000e+03 1.199000000000000000e+03
2.650000000000010658e+01 1.600000000000000000e+01 0.000000000000000000e+00 1.500000000000000000e+01 8.785000000000000000e+03 1.184000000000000000e+03
2.660000000000010800e+01 1.600000000000000000e+01 0.000000000000000000e+00 1.500000000000000000e+01 8.795000000000000000e+03 1.174000000000000000e+03
2.670000000000010942e+01 1.600000000000000000e+01 0.000000000000000000e+00 1.400000000000000000e+01 8.814000000000000000e+03 1.156000000000000000e+03
2.680000000000011084e+01 1.600000000000000000e+01 0.000000000000000000e+00 1.200000000000000000e+01 8.823000000000000000e+03 1.149000000000000000e+03
2.690000000000011227e+01 1.600000000000000000e+01 0.000000000000000000e+00 1.100000000000000000e+01 8.833000000000000000e+03 1.140000000000000000e+03
2.700000000000011369e+01 1.600000000000000000e+01 0.000000000000000000e+00 1.100000000000000000e+01 8.841000000000000000e+03 1.132000000000000000e+03
2.710000000000011511e+01 1.600000000000000000e+01 0.000000000000000000e+00 1.000000000000000000e+01 8.854000000000000000e+03 1.120000000000000000e+03
2.720000000000011653e+01 1.600000000000000000e+01 0.000000000000000000e+00 1.000000000000000000e+01 8.860000000000000000e+03 1.114000000000000000e+03
2.730000000000011795e+01 1.600000000000000000e+01 0.000000000000000000e+00 9.000000000000000000e+00 8.870000000000000000e+03 1.105000000000000000e+03
2.740000000000011937e+01 1.600000000000000000e+01 0.000000000000000000e+00 9.000000000000000000e+00 8.884000000000000000e+03 1.091000000000000000e+03
2.750000000000012079e+01 1.600000000000000000e+01 0.000000000000000000e+00 9.000000000000000000e+00 8.899000000000000000e+03 1.076000000000000000e+03
2.760000000000012221e+01 1.600000000000000000e+01 0.000000000000000000e+00 9.000000000000000000e+00 8.907000000000000000e+03 1.068000000000000000e+03
2.770000000000012363e+01 1.600000000000000000e+01 0.000000000000000000e+00 8.000000000000000000e+00 8.916000000000000000e+03 1.060000000000000000e+03
2.780000000000012506e+01 1.600000000000000000e+01 0.000000000000000000e+00 8.000000000000000000e+00 8.923000000000000000e+03 1.053000000000000000e+03
2.790000000000012648e+01 1.600000000000000000e+01 0.000000000000000000e+00 8.000000000000000000e+00 8.942000000000000000e+03 1.034000000000000000e+03
2.800000000000012790e+01 1.600000000000000000e+01 0.000000000000000000e+00 8.000000000000000000e+00 8.958000000000000000e+03 1.018000000000000000e+03
2.810000000000012932e+01 1.600000000000000000e+01 0.000000000000000000e+00 7.000000000000000000e+00 8.970000000000000000e+03 1.007000000000000000e+03
2.820000000000013074e+01 1.600000000000000000e+01 0.000000000000000000e+00 7.000000000000000000e+00 8.981000000000000000e+03 9.960000000000000000e+02
2.830000000000013216e+01 1.600000000000000000e+01 0.000000000000000000e+00 7.000000000000000000e+00 8.988000000000000000e+03 9.890000000000000000e+02
2.840000000000013358e+01 1.600000000000000000e+01 0.000000000000000000e+00 7.000000000000000000e+00 9.002000000000000000e+03 9.750000000000000000e+02
2.850000000000013500e+01 1.600000000000000000e+01 0.000000000000000000e+00 7.000000000000000000e+00 9.012000000000000000e+03 9.650000000000000000e+02
2.860000000000013642e+01 1.600000000000000000e+01 0.000000000000000000e+00 7.000000000000000000e+00 9.021000000000000000e+03 9.560000000000000000e+02
2.870000000000013785e+01 1.600000000000000000e+01 0.000000000000000000e+00 5.000000000000000000e+00 9.032000000000000000e+03 9.470000000000000000e+02
2.880000000000013927e+01 1.600000000000000000e+01 0.000000000000000000e+00 5.000000000000000000e+00 9.038000000000000000e+03 9.410000000000000000e+02
2.890000000000014069e+01 1.600000000000000000e+01 0.000000000000000000e+00 4.000000000000000000e+00 9.051000000000000000e+03 9.290000000000000000e+02
2.900000000000014211e+01 1.600000000000000000e+01 0.000000000000000000e+00 4.000000000000000000e+00 9.060000000000000000e+03 9.200000000000000000e+02
2.910000000000014353e+01 1.600000000000000000e+01 0.000000000000000000e+00 4.000000000000000000e+00 9.069000000000000000e+03 9.110000000000000000e+02
2.920000000000014495e+01 1.600000000000000000e+01 0.000000000000000000e+00 4.000000000000000000e+00 9.077000000000000000e+03 9.030000000000000000e+02
2.930000000000014637e+01 1.600000000000000000e+01 0.000000000000000000e+00 4.000000000000000000e+00 9.086000000000000000e+03 8.940000000000000000e+02
2.940000000000014779e+01 1.600000000000000000e+01 0.000000000000000000e+00 4.000000000000000000e+00 9.097000000000000000e+03 8.830000000000000000e+02
2.950000000000014921e+01 1.600000000000000000e+01 0.000000000000000000e+00 3.000000000000000000e+00 9.105000000000000000e+03 8.760000000000000000e+02
2.960000000000015064e+01 1.600000000000000000e+01 0.000000000000000000e+00 3.000000000000000000e+00 9.119000000000000000e+03 8.620000000000000000e+02
2.970000000000015206e+01 1.600000000000000000e+01 0.000000000000000000e+00 3.000000000000000000e+00 9.126000000000000000e+03 8.550000000000000000e+02
2.980000000000015348e+01 1.600000000000000000e+01 0.000000000000000000e+00 3.000000000000000000e+00 9.143000000000000000e+03 8.380000000000000000e+02
2.990000000000015490e+01 1.600000000000000000e+01 0.000000000000000000e+00 3.000000000000000000e+00 9.156000000000000000e+03 8.250000000000000000e+02
3.000000000000015632e+01 1.600000000000000000e+01 0.000000000000000000e+00 3.000000000000000000e+00 9.165000000000000000e+03 8.160000000000000000e+02
3.010000000000015774e+01 1.600000000000000000e+01 0.000000000000000000e+00 3.000000000000000000e+00 9.177000000000000000e+03 8.040000000000000000e+02
3.020000000000015916e+01 1.600000000000000000e+01 0.000000000000000000e+00 3.000000000000000000e+00 9.180000000000000000e+03 8.010000000000000000e+02
3.030000000000016058e+01 1.600000000000000000e+01 0.000000000000000000e+00 2.000000000000000000e+00 9.187000000000000000e+03 7.950000000000000000e+02
3.040000000000016200e+01 1.600000000000000000e+01 0.000000000000000000e+00 2.000000000000000000e+00 9.193000000000000000e+03 7.890000000000000000e+02
3.050000000000016342e+01 1.600000000000000000e+01 0.000000000000000000e+00 2.000000000000000000e+00 9.198000000000000000e+03 7.840000000000000000e+02
3.060000000000016485e+01 1.600000000000000000e+01 0.000000000000000000e+00 2.000000000000000000e+00 9.207000000000000000e+03 7.750000000000000000e+02
3.070000000000016627e+01 1.600000000000000000e+01 0.000000000000000000e+00 2.000000000000000000e+00 9.215000000000000000e+03 7.670000000000000000e+02
3.080000000000016769e+01 1.600000000000000000e+01 0.000000000000000000e+00 2.000000000000000000e+00 9.218000000000000000e+03 7.640000000000000000e+02
3.090000000000016911e+01 1.600000000000000000e+01 0.000000000000000000e+00 2.000000000000000000e+00 9.226000000000000000e+03 7.560000000000000000e+02
3.100000000000017053e+01 1.600000000000000000e+01 0.000000000000000000e+00 2.000000000000000000e+00 9.236000000000000000e+03 7.460000000000000000e+02
3.110000000000017195e+01 1.600000000000000000e+01 0.000000000000000000e+00 1.000000000000000000e+00 9.245000000000000000e+03 7.380000000000000000e+02
3.120000000000017337e+01 1.600000000000000000e+01 0.000000000000000000e+00 1.000000000000000000e+00 9.255000000000000000e+03 7.280000000000000000e+02
3.130000000000017479e+01 1.600000000000000000e+01 0.000000000000000000e+00 1.000000000000000000e+00 9.260000000000000000e+03 7.230000000000000000e+02
3.140000000000017621e+01 1.600000000000000000e+01 0.000000000000000000e+00 1.000000000000000000e+00 9.273000000000000000e+03 7.100000000000000000e+02
3.150000000000017764e+01 1.600000000000000000e+01 0.000000000000000000e+00 1.000000000000000000e+00 9.284000000000000000e+03 6.990000000000000000e+02
3.160000000000017906e+01 1.600000000000000000e+01 0.000000000000000000e+00 1.000000000000000000e+00 9.295000000000000000e+03 6.880000000000000000e+02
3.170000000000018048e+01 1.600000000000000000e+01 0.000000000000000000e+00 1.000000000000000000e+00 9.302000000000000000e+03 6.810000000000000000e+02
3.180000000000018190e+01 1.600000000000000000e+01 0.000000000000000000e+00 1.000000000000000000e+00 9.309000000000000000e+03 6.740000000000000000e+02
3.190000000000018332e+01 1.600000000000000000e+01 0.000000000000000000e+00 1.000000000000000000e+00 9.316000000000000000e+03 6.670000000000000000e+02
3.200000000000018474e+01 1.600000000000000000e+01 0.000000000000000000e+00 1.000000000000000000e+00 9.323000000000000000e+03 6.600000000000000000e+02
3.210000000000018616e+01 1.600000000000000000e+01 0.000000000000000000e+00 1.000000000000000000e+00 9.336000000000000000e+03 6.470000000000000000e+02
3.220000000000018758e+01 1.600000000000000000e+01 0.000000000000000000e+00 1.000000000000000000e+00 9.347000000000000000e+03 6.360000000000000000e+02
3.230000000000018900e+01 1.600000000000000000e+01 0.000000000000000000e+00 1.000000000000000000e+00 9.355000000000000000e+03 6.280000000000000000e+02
3.240000000000019043e+01 1.600000000000000000e+01 0.000000000000000000e+00 1.000000000000000000e+00 9.366000000000000000e+03 6.170000000000000000e+02
3.250000000000019185e+01 1.600000000000000000e+01 0.000000000000000000e+00 1.000000000000000000e+00 9.371000000000000000e+03 6.120000000000000000e+02
3.260000000000019327e+01 1.600000000000000000e+01 0.000000000000000000e+00 1.000000000000000000e+00 9.377000000000000000e+03 6.060000000000000000e+02
3.270000000000019469e+01 1.600000000000000000e+01 0.000000000000000000e+00 1.000000000000000000e+00 9.382000000000000000e+03 6.010000000000000000e+02
3.280000000000019611e+01 1.600000000000000000e+01 0.000000000000000000e+00 1.000000000000000000e+00 9.387000000000000000e+03 5.960000000000000000e+02
3.290000000000019753e+01 1.600000000000000000e+01 0.000000000000000000e+00 1.000000000000000000e+00 9.395000000000000000e+03 5.880000000000000000e+02
3.300000000000019895e+01 1.600000000000000000e+01 0.000000000000000000e+00 1.000000000000000000e+00 9.404000000000000000e+03 5.790000000000000000e+02
3.310000000000020037e+01 1.600000000000000000e+01 0.000000000000000000e+00 1.000000000000000000e+00 9.411000000000000000e+03 5.720000000000000000e+02
3.320000000000020179e+01 1.600000000000000000e+01 0.000000000000000000e+00 0.000000000000000000e+00 9.417000000000000000e+03 5.670000000000000000e+02
3.330000000000020322e+01 1.600000000000000000e+01 0.000000000000000000e+00 0.000000000000000000e+00 9.423000000000000000e+03 5.610000000000000000e+02
3.340000000000020464e+01 1.600000000000000000e+01 0.000000000000000000e+00 0.000000000000000000e+00 9.423000000000000000e+03 5.610000000000000000e+02
3.350000000000020606e+01 1.600000000000000000e+01 0.000000000000000000e+00 0.000000000000000000e+00 9.431000000000000000e+03 5.530000000000000000e+02
3.360000000000020748e+01 1.600000000000000000e+01 0.000000000000000000e+00 0.000000000000000000e+00 9.435000000000000000e+03 5.490000000000000000e+02
3.370000000000020890e+01 1.600000000000000000e+01 0.000000000000000000e+00 0.000000000000000000e+00 9.437000000000000000e+03 5.470000000000000000e+02
3.380000000000021032e+01 1.600000000000000000e+01 0.000000000000000000e+00 0.000000000000000000e+00 9.442000000000000000e+03 5.420000000000000000e+02
3.390000000000021174e+01 1.600000000000000000e+01 0.000000000000000000e+00 0.000000000000000000e+00 9.447000000000000000e+03 5.370000000000000000e+02
3.400000000000021316e+01 1.600000000000000000e+01 0.000000000000000000e+00 0.000000000000000000e+00 9.456000000000000000e+03 5.280000000000000000e+02
3.410000000000021458e+01 1.600000000000000000e+01 0.000000000000000000e+00 0.000000000000000000e+00 9.465000000000000000e+03 5.190000000000000000e+02
3.420000000000021600e+01 1.600000000000000000e+01 0.000000000000000000e+00 0.000000000000000000e+00 9.470000000000000000e+03 5.140000000000000000e+02
3.430000000000021743e+01 1.600000000000000000e+01 0.000000000000000000e+00 0.000000000000000000e+00 9.475000000000000000e+03 5.090000000000000000e+02
3.440000000000021885e+01 1.600000000000000000e+01 0.000000000000000000e+00 0.000000000000000000e+00 9.483000000000000000e+03 5.010000000000000000e+02
3.450000000000022027e+01 1.600000000000000000e+01 0.000000000000000000e+00 0.000000000000000000e+00 9.488000000000000000e+03 4.960000000000000000e+02
3.460000000000022169e+01 1.600000000000000000e+01 0.000000000000000000e+00 0.000000000000000000e+00 9.492000000000000000e+03 4.920000000000000000e+02
3.470000000000022311e+01 1.600000000000000000e+01 0.000000000000000000e+00 0.000000000000000000e+00 9.499000000000000000e+03 4.850000000000000000e+02
3.480000000000022453e+01 1.600000000000000000e+01 0.000000000000000000e+00 0.000000000000000000e+00 9.502000000000000000e+03 4.820000000000000000e+02
3.490000000000022595e+01 1.600000000000000000e+01 0.000000000000000000e+00 0.000000000000000000e+00 9.510000000000000000e+03 4.740000000000000000e+02
3.500000000000022737e+01 1.600000000000000000e+01 0.000000000000000000e+00 0.000000000000000000e+00 9.514000000000000000e+03 4.700000000000000000e+02
3.510000000000022879e+01 1.600000000000000000e+01 0.000000000000000000e+00 0.000000000000000000e+00 9.526000000000000000e+03 4.580000000000000000e+02
3.520000000000023022e+01 1.600000000000000000e+01 0.000000000000000000e+00 0.000000000000000000e+00 9.534000000000000000e+03 4.500000000000000000e+02
3.530000000000023164e+01 1.600000000000000000e+01 0.000000000000000000e+00 0.000000000000000000e+00 9.541000000000000000e+03 4.430000000000000000e+02
3.540000000000023306e+01 1.600000000000000000e+01 0.000000000000000000e+00 0.000000000000000000e+00 9.547000000000000000e+03 4.370000000000000000e+02
3.550000000000023448e+01 1.600000000000000000e+01 0.000000000000000000e+00 0.000000000000000000e+00 9.552000000000000000e+03 4.320000000000000000e+02
3.560000000000023590e+01 1.600000000000000000e+01 0.000000000000000000e+00 0.000000000000000000e+00 9.554000000000000000e+03 4.300000000000000000e+02
3.570000000000023732e+01 1.600000000000000000e+01 0.000000000000000000e+00 0.000000000000000000e+00 9.558000000000000000e+03 4.260000000000000000e+02
3.580000000000023874e+01 1.600000000000000000e+01 0.000000000000000000e+00 0.000000000000000000e+00 9.562000000000000000e+03 4.220000000000000000e+02
3.590000000000024016e+01 1.600000000000000000e+01 0.000000000000000000e+00 0.000000000000000000e+00 9.564000000000000000e+03 4.200000000000000000e+02
3.600000000000024158e+01 1.600000000000000000e+01 0.000000000000000000e+00 0.000000000000000000e+00 9.568000000000000000e+03 4.160000000000000000e+02
3.610000000000024301e+01 1.600000000000000000e+01 0.000000000000000000e+00 0.000000000000000000e+00 9.571000000000000000e+03 4.130000000000000000e+02
3.620000000000024443e+01 1.600000000000000000e+01 0.000000000000000000e+00 0.000000000000000000e+00 9.576000000000000000e+03 4.080000000000000000e+02
3.630000000000024585e+01 1.600000000000000000e+01 0.000000000000000000e+00 0.000000000000000000e+00 9.579000000000000000e+03 4.050000000000000000e+02
3.640000000000024727e+01 1.600000000000000000e+01 0.000000000000000000e+00 0.000000000000000000e+00 9.584000000000000000e+03 4.000000000000000000e+02
3.650000000000024869e+01 1.600000000000000000e+01 0.000000000000000000e+00 0.000000000000000000e+00 9.587000000000000000e+03 3.970000000000000000e+02
3.660000000000025011e+01 1.600000000000000000e+01 0.000000000000000000e+00 0.000000000000000000e+00 9.587000000000000000e+03 3.970000000000000000e+02
3.670000000000025153e+01 1.600000000000000000e+01 0.000000000000000000e+00 0.000000000000000000e+00 9.597000000000000000e+03 3.870000000000000000e+02
3.680000000000025295e+01 1.600000000000000000e+01 0.000000000000000000e+00 0.000000000000000000e+00 9.602000000000000000e+03 3.820000000000000000e+02
3.690000000000025437e+01 1.600000000000000000e+01 0.000000000000000000e+00 0.000000000000000000e+00 9.609000000000000000e+03 3.750000000000000000e+02
3.700000000000025580e+01 1.600000000000000000e+01 0.000000000000000000e+00 0.000000000000000000e+00 9.613000000000000000e+03 3.710000000000000000e+02
3.710000000000025722e+01 1.600000000000000000e+01 0.000000000000000000e+00 0.000000000000000000e+00 9.617000000000000000e+03 3.670000000000000000e+02
3.720000000000025864e+01 1.600000000000000000e+01 0.000000000000000000e+00 0.000000000000000000e+00 9.619000000000000000e+03 3.650000000000000000e+02
3.730000000000026006e+01 1.600000000000000000e+01 0.000000000000000000e+00 0.000000000000000000e+00 9.621000000000000000e+03 3.630000000000000000e+02
3.740000000000026148e+01 1.600000000000000000e+01 0.000000000000000000e+00 0.000000000000000000e+00 9.623000000000000000e+03 3.610000000000000000e+02
3.750000000000026290e+01 1.600000000000000000e+01 0.000000000000000000e+00 0.000000000000000000e+00 9.627000000000000000e+03 3.570000000000000000e+02
3.760000000000026432e+01 1.600000000000000000e+01 0.000000000000000000e+00 0.000000000000000000e+00 9.635000000000000000e+03 3.490000000000000000e+02
3.770000000000026574e+01 1.600000000000000000e+01 0.000000000000000000e+00 0.000000000000000000e+00 9.639000000000000000e+03 3.450000000000000000e+02
3.780000000000026716e+01 1.600000000000000000e+01 0.000000000000000000e+00 0.000000000000000000e+00 9.641000000000000000e+03 3.430000000000000000e+02
3.790000000000026859e+01 1.600000000000000000e+01 0.000000000000000000e+00 0.000000000000000000e+00 9.646000000000000000e+03 3.380000000000000000e+02
3.800000000000027001e+01 1.600000000000000000e+01 0.000000000000000000e+00 0.000000000000000000e+00 9.648000000000000000e+03 3.360000000000000000e+02
3.810000000000027143e+01 1.600000000000000000e+01 0.000000000000000000e+00 0.000000000000000000e+00 9.651000000000000000e+03 3.330000000000000000e+02
3.820000000000027285e+01 1.600000000000000000e+01 0.000000000000000000e+00 0.000000000000000000e+00 9.656000000000000000e+03 3.280000000000000000e+02
3.830000000000027427e+01 1.600000000000000000e+01 0.000000000000000000e+00 0.000000000000000000e+00 9.662000000000000000e+03 3.220000000000000000e+02
3.840000000000027569e+01 1.600000000000000000e+01 0.000000000000000000e+00 0.000000000000000000e+00 9.670000000000000000e+03 3.140000000000000000e+02
3.850000000000027711e+01 1.600000000000000000e+01 0.000000000000000000e+00 0.000000000000000000e+00 9.672000000000000000e+03 3.120000000000000000e+02
3.860000000000027853e+01 1.600000000000000000e+01 0.000000000000000000e+00 0.000000000000000000e+00 9.679000000000000000e+03 3.050000000000000000e+02
3.870000000000027995e+01 1.600000000000000000e+01 0.000000000000000000e+00 0.000000000000000000e+00 9.686000000000000000e+03 2.980000000000000000e+02
3.880000000000028137e+01 1.600000000000000000e+01 0.000000000000000000e+00 0.000000000000000000e+00 9.689000000000000000e+03 2.950000000000000000e+02
3.890000000000028280e+01 1.600000000000000000e+01 0.000000000000000000e+00 0.000000000000000000e+00 9.692000000000000000e+03 2.920000000000000000e+02
3.900000000000028422e+01 1.600000000000000000e+01 0.000000000000000000e+00 0.000000000000000000e+00 9.694000000000000000e+03 2.900000000000000000e+02
3.910000000000028564e+01 1.600000000000000000e+01 0.000000000000000000e+00 0.000000000000000000e+00 9.696000000000000000e+03 2.880000000000000000e+02
3.920000000000028706e+01 1.600000000000000000e+01 0.000000000000000000e+00 0.000000000000000000e+00 9.699000000000000000e+03 2.850000000000000000e+02
3.930000000000028848e+01 1.600000000000000000e+01 0.000000000000000000e+00 0.000000000000000000e+00 9.702000000000000000e+03 2.820000000000000000e+02
3.940000000000028990e+01 1.600000000000000000e+01 0.000000000000000000e+00 0.000000000000000000e+00 9.704000000000000000e+03 2.800000000000000000e+02
3.950000000000029132e+01 1.600000000000000000e+01 0.000000000000000000e+00 0.000000000000000000e+00 9.707000000000000000e+03 2.770000000000000000e+02
3.960000000000029274e+01 1.600000000000000000e+01 0.000000000000000000e+00 0.000000000000000000e+00 9.707000000000000000e+03 2.770000000000000000e+02
3.970000000000029416e+01 1.600000000000000000e+01 0.000000000000000000e+00 0.000000000000000000e+00 9.710000000000000000e+03 2.740000000000000000e+02
3.980000000000029559e+01 1.600000000000000000e+01 0.000000000000000000e+00 0.000000000000000000e+00 9.713000000000000000e+03 2.710000000000000000e+02
3.990000000000029701e+01 1.600000000000000000e+01 0.000000000000000000e+00 0.000000000000000000e+00 9.717000000000000000e+03 2.670000000000000000e+02
4.000000000000029843e+01 1.600000000000000000e+01 0.000000000000000000e+00 0.000000000000000000e+00 9.721000000000000000e+03 2.630000000000000000e+02
