0.000000000000000000e+00 9.990000000000000000e+03 1.000000000000000000e+01 0.000000000000000000e+00 0.000000000000000000e+00 0.000000000000000000e+00
9.999999999999999167e-02 9.989299999999999272e+03 1.000000000000000000e+01 5.999999999999999778e-01 1.000000000000000056e-01 0.000000000000000000e+00
1.999999999999999833e-01 9.988299999999999272e+03 1.019999999999999929e+01 1.100000000000000089e+00 4.000000000000000222e-01 0.000000000000000000e+00
2.999999999999999889e-01 9.987299999999999272e+03 1.009999999999999964e+01 1.899999999999999911e+00 5.999999999999999778e-01 1.000000000000000056e-01
3.999999999999999667e-01 9.985700000000000728e+03 1.080000000000000071e+01 2.700000000000000178e+00 6.999999999999999556e-01 1.000000000000000056e-01
5.000000000000000000e-01 9.982700000000000728e+03 1.309999999999999964e+01 3.100000000000000089e+00 9.000000000000000222e-01 2.000000000000000111e-01
5.999999999999998668e-01 9.980100000000000364e+03 1.530000000000000071e+01 3.200000000000000178e+00 1.100000000000000089e+00 2.999999999999999889e-01
7.000000000000000666e-01 9.976299999999999272e+03 1.839999999999999858e+01 3.899999999999999911e+00 1.100000000000000089e+00 2.999999999999999889e-01
7.999999999999999334e-01 9.972100000000000364e+03 2.189999999999999858e+01 4.299999999999999822e+00 1.300000000000000044e+00 4.000000000000000222e-01
9.000000000000001332e-01 9.965000000000000000e+03 2.769999999999999929e+01 5.200000000000000178e+00 1.699999999999999956e+00 4.000000000000000222e-01
9.999999999999997780e-01 9.956399999999999636e+03 3.439999999999999858e+01 6.700000000000000178e+00 2.100000000000000089e+00 4.000000000000000222e-01
1.099999999999999867e+00 9.945000000000000000e+03 4.370000000000000284e+01 8.099999999999999645e+00 2.700000000000000178e+00 5.000000000000000000e-01
1.199999999999999734e+00 9.934000000000000000e+03 5.270000000000000284e+01 9.300000000000000711e+00 3.299999999999999822e+00 6.999999999999999556e-01
1.300000000000000266e+00 9.919700000000000728e+03 6.350000000000000000e+01 1.169999999999999929e+01 4.299999999999999822e+00 8.000000000000000444e-01
1.400000000000000133e+00 9.903700000000000728e+03 7.520000000000000284e+01 1.469999999999999929e+01 5.400000000000000355e+00 1.000000000000000000e+00
1.500000000000000222e+00 9.884500000000000000e+03 9.029999999999999716e+01 1.769999999999999929e+01 6.200000000000000178e+00 1.300000000000000044e+00
1.600000000000000089e+00 9.864100000000000364e+03 1.060000000000000000e+02 2.060000000000000142e+01 7.599999999999999645e+00 1.699999999999999956e+00
1.700000000000000622e+00 9.841899999999999636e+03 1.212999999999999972e+02 2.569999999999999929e+01 8.699999999999999289e+00 2.399999999999999911e+00
1.800000000000000266e+00 9.817700000000000728e+03 1.396999999999999886e+02 2.869999999999999929e+01 1.030000000000000071e+01 3.600000000000000089e+00
1.900000000000000799e+00 9.792299999999999272e+03 1.578000000000000114e+02 3.460000000000000142e+01 1.180000000000000071e+01 3.500000000000000000e+00
2.000000000000000444e+00 9.765299999999999272e+03 1.756999999999999886e+02 4.110000000000000142e+01 1.359999999999999964e+01 4.299999999999999822e+00
2.100000000000000977e+00 9.734799999999999272e+03 1.970999999999999943e+02 4.750000000000000000e+01 1.580000000000000071e+01 4.799999999999999822e+00
2.200000000000000178e+00 9.699899999999999636e+03 2.200000000000000000e+02 5.529999999999999716e+01 1.819999999999999929e+01 6.599999999999999645e+00
2.300000000000000711e+00 9.661600000000000364e+03 2.429000000000000057e+02 6.629999999999999716e+01 2.130000000000000071e+01 7.900000000000000355e+00
2.400000000000001243e+00 9.613799999999999272e+03 2.751000000000000227e+02 7.690000000000000568e+01 2.480000000000000071e+01 9.400000000000000355e+00
2.500000000000000444e+00 9.562000000000000000e+03 3.118999999999999773e+02 8.659999999999999432e+01 2.889999999999999858e+01 1.059999999999999964e+01
2.600000000000000977e+00 9.501899999999999636e+03 3.546999999999999886e+02 9.700000000000000000e+01 3.339999999999999858e+01 1.300000000000000000e+01
2.700000000000001510e+00 9.440700000000000728e+03 3.926000000000000227e+02 1.120000000000000000e+02 3.929999999999999716e+01 1.540000000000000036e+01
2.800000000000001155e+00 9.372000000000000000e+03 4.363999999999999773e+02 1.299000000000000057e+02 4.350000000000000000e+01 1.819999999999999929e+01
2.900000000000001688e+00 9.297600000000000364e+03 4.803000000000000114e+02 1.493000000000000114e+02 5.020000000000000284e+01 2.260000000000000142e+01
3.000000000000000888e+00 9.218100000000000364e+03 5.302999999999999545e+02 1.680999999999999943e+02 5.670000000000000284e+01 2.680000000000000071e+01
3.100000000000001421e+00 9.132600000000000364e+03 5.832000000000000455e+02 1.885000000000000000e+02 6.509999999999999432e+01 3.060000000000000142e+01
3.200000000000001954e+00 9.039200000000000728e+03 6.432000000000000455e+02 2.104000000000000057e+02 7.259999999999999432e+01 3.460000000000000142e+01
3.300000000000001599e+00 8.932399999999999636e+03 7.126000000000000227e+02 2.355999999999999943e+02 7.979999999999999716e+01 3.960000000000000142e+01
3.400000000000001243e+00 8.816899999999999636e+03 7.865000000000000000e+02 2.618999999999999773e+02 9.070000000000000284e+01 4.400000000000000000e+01
3.500000000000000888e+00 8.693200000000000728e+03 8.646000000000000227e+02 2.898000000000000114e+02 1.007000000000000028e+02 5.170000000000000284e+01
3.600000000000002309e+00 8.558100000000000364e+03 9.460000000000000000e+02 3.258999999999999773e+02 1.114000000000000057e+02 5.860000000000000142e+01
3.700000000000001954e+00 8.410799999999999272e+03 1.039599999999999909e+03 3.591000000000000227e+02 1.240000000000000000e+02 6.650000000000000000e+01
3.800000000000002043e+00 8.250299999999999272e+03 1.135900000000000091e+03 4.011000000000000227e+02 1.390999999999999943e+02 7.359999999999999432e+01
3.900000000000003020e+00 8.080100000000000364e+03 1.234599999999999909e+03 4.475000000000000000e+02 1.546999999999999886e+02 8.309999999999999432e+01
4.000000000000000888e+00 7.897500000000000000e+03 1.344799999999999955e+03 4.898000000000000114e+02 1.738000000000000114e+02 9.409999999999999432e+01
4.100000000000001421e+00 7.711300000000000182e+03 1.444500000000000000e+03 5.462000000000000455e+02 1.933000000000000114e+02 1.047000000000000028e+02
4.200000000000001954e+00 7.503600000000000364e+03 1.564099999999999909e+03 6.047999999999999545e+02 2.135000000000000000e+02 1.140000000000000000e+02
4.299999999999999822e+00 7.275300000000000182e+03 1.701200000000000045e+03 6.602000000000000455e+02 2.350999999999999943e+02 1.281999999999999886e+02
4.399999999999999467e+00 7.035199999999999818e+03 1.837599999999999909e+03 7.230000000000000000e+02 2.620000000000000000e+02 1.421999999999999886e+02
4.500000000000000000e+00 6.788800000000000182e+03 1.971000000000000000e+03 7.935000000000000000e+02 2.888999999999999773e+02 1.578000000000000114e+02
4.600000000000000533e+00 6.545199999999999818e+03 2.098400000000000091e+03 8.647999999999999545e+02 3.155000000000000000e+02 1.760999999999999943e+02
4.700000000000000178e+00 6.291000000000000000e+03 2.221199999999999818e+03 9.411000000000000227e+02 3.495000000000000000e+02 1.971999999999999886e+02
4.799999999999998046e+00 6.020899999999999636e+03 2.360800000000000182e+03 1.020000000000000000e+03 3.796999999999999886e+02 2.185999999999999943e+02
4.899999999999998579e+00 5.734800000000000182e+03 2.503800000000000182e+03 1.106400000000000091e+03 4.128999999999999773e+02 2.420999999999999943e+02
4.999999999999999112e+00 5.446199999999999818e+03 2.644900000000000091e+03 1.190700000000000045e+03 4.501999999999999886e+02 2.680000000000000000e+02
5.099999999999996980e+00 5.154699999999999818e+03 2.778699999999999818e+03 1.282500000000000000e+03 4.898999999999999773e+02 2.941999999999999886e+02
5.199999999999996625e+00 4.866100000000000364e+03 2.892900000000000091e+03 1.383000000000000000e+03 5.370000000000000000e+02 3.210000000000000000e+02
5.299999999999997158e+00 4.579600000000000364e+03 3.005900000000000091e+03 1.480400000000000091e+03 5.835000000000000000e+02 3.506000000000000227e+02
5.399999999999997691e+00 4.297600000000000364e+03 3.107800000000000182e+03 1.580700000000000045e+03 6.297999999999999545e+02 3.841000000000000227e+02
5.499999999999997335e+00 4.026900000000000091e+03 3.198099999999999909e+03 1.676599999999999909e+03 6.775000000000000000e+02 4.208999999999999773e+02
5.599999999999995204e+00 3.759000000000000000e+03 3.265199999999999818e+03 1.785400000000000091e+03 7.326000000000000227e+02 4.578000000000000114e+02
5.699999999999995737e+00 3.513500000000000000e+03 3.315599999999999909e+03 1.884200000000000045e+03 7.862999999999999545e+02 5.003999999999999773e+02
5.799999999999996270e+00 3.262300000000000182e+03 3.366699999999999818e+03 1.989400000000000091e+03 8.436000000000000227e+02 5.380000000000000000e+02
5.899999999999994138e+00 3.027800000000000182e+03 3.392800000000000182e+03 2.097800000000000182e+03 9.037000000000000455e+02 5.778999999999999773e+02
5.999999999999993783e+00 2.797199999999999818e+03 3.418400000000000091e+03 2.192599999999999909e+03 9.680000000000000000e+02 6.237999999999999545e+02
6.099999999999994316e+00 2.580800000000000182e+03 3.427500000000000000e+03 2.282800000000000182e+03 1.029700000000000045e+03 6.792000000000000455e+02
6.199999999999994849e+00 2.380400000000000091e+03 3.424900000000000091e+03 2.370500000000000000e+03 1.094799999999999955e+03 7.293999999999999773e+02
6.299999999999994493e+00 2.193599999999999909e+03 3.403800000000000182e+03 2.460800000000000182e+03 1.160000000000000000e+03 7.817999999999999545e+02
6.399999999999992362e+00 2.028900000000000091e+03 3.360599999999999909e+03 2.553300000000000182e+03 1.224900000000000091e+03 8.322999999999999545e+02
6.499999999999992895e+00 1.866700000000000045e+03 3.317900000000000091e+03 2.633599999999999909e+03 1.290799999999999955e+03 8.910000000000000000e+02
6.599999999999992539e+00 1.718799999999999955e+03 3.260900000000000091e+03 2.710199999999999818e+03 1.360599999999999909e+03 9.495000000000000000e+02
6.699999999999990408e+00 1.587299999999999955e+03 3.190900000000000091e+03 2.782000000000000000e+03 1.432400000000000091e+03 1.007399999999999977e+03
6.799999999999991829e+00 1.463500000000000000e+03 3.120099999999999909e+03 2.841199999999999818e+03 1.505400000000000091e+03 1.069799999999999955e+03
6.899999999999991473e+00 1.345099999999999909e+03 3.052400000000000091e+03 2.894400000000000091e+03 1.575599999999999909e+03 1.132500000000000000e+03
6.999999999999991118e+00 1.237299999999999955e+03 2.972900000000000091e+03 2.948599999999999909e+03 1.646299999999999955e+03 1.194900000000000091e+03
7.099999999999992539e+00 1.130599999999999909e+03 2.903800000000000182e+03 2.989000000000000000e+03 1.716000000000000000e+03 1.260599999999999909e+03
7.199999999999990408e+00 1.038299999999999955e+03 2.815500000000000000e+03 3.039500000000000000e+03 1.785900000000000091e+03 1.320799999999999955e+03
7.299999999999988276e+00 9.557999999999999545e+02 2.723699999999999818e+03 3.076900000000000091e+03 1.858799999999999955e+03 1.384799999999999955e+03
7.399999999999989697e+00 8.826000000000000227e+02 2.633699999999999818e+03 3.106400000000000091e+03 1.928500000000000000e+03 1.448799999999999955e+03
7.499999999999987566e+00 8.158999999999999773e+02 2.532599999999999909e+03 3.138900000000000091e+03 1.999799999999999955e+03 1.512799999999999955e+03
7.599999999999988987e+00 7.531000000000000227e+02 2.440099999999999909e+03 3.156900000000000091e+03 2.072300000000000182e+03 1.577599999999999909e+03
7.699999999999988631e+00 6.957999999999999545e+02 2.345400000000000091e+03 3.175099999999999909e+03 2.148300000000000182e+03 1.635400000000000091e+03
7.799999999999988276e+00 6.426000000000000227e+02 2.250199999999999818e+03 3.187900000000000091e+03 2.221699999999999818e+03 1.697599999999999909e+03
7.899999999999989697e+00 5.956000000000000227e+02 2.156400000000000091e+03 3.190500000000000000e+03 2.291900000000000091e+03 1.765599999999999909e+03
7.999999999999987566e+00 5.517000000000000455e+02 2.065500000000000000e+03 3.191000000000000000e+03 2.362000000000000000e+03 1.829799999999999955e+03
8.099999999999988987e+00 5.122000000000000455e+02 1.969000000000000000e+03 3.189300000000000182e+03 2.440099999999999909e+03 1.889400000000000091e+03
8.199999999999986855e+00 4.733000000000000114e+02 1.876799999999999955e+03 3.184500000000000000e+03 2.517099999999999909e+03 1.948299999999999955e+03
8.299999999999984723e+00 4.386999999999999886e+02 1.794500000000000000e+03 3.172900000000000091e+03 2.589400000000000091e+03 2.004500000000000000e+03
8.399999999999987921e+00 4.080000000000000000e+02 1.710099999999999909e+03 3.160000000000000000e+03 2.657500000000000000e+03 2.064400000000000091e+03
8.499999999999985789e+00 3.808000000000000114e+02 1.632099999999999909e+03 3.132900000000000091e+03 2.728300000000000182e+03 2.125900000000000091e+03
8.599999999999983658e+00 3.558999999999999773e+02 1.552500000000000000e+03 3.111900000000000091e+03 2.800599999999999909e+03 2.179099999999999909e+03
8.699999999999986855e+00 3.310000000000000000e+02 1.478700000000000045e+03 3.083300000000000182e+03 2.870900000000000091e+03 2.236099999999999909e+03
8.799999999999984723e+00 3.116999999999999886e+02 1.404599999999999909e+03 3.049900000000000091e+03 2.939599999999999909e+03 2.294199999999999818e+03
8.899999999999982592e+00 2.906000000000000227e+02 1.339799999999999955e+03 3.014400000000000091e+03 3.008000000000000000e+03 2.347199999999999818e+03
8.999999999999984013e+00 2.736000000000000227e+02 1.267799999999999955e+03 2.982300000000000182e+03 3.074900000000000091e+03 2.401400000000000091e+03
9.099999999999981881e+00 2.573000000000000114e+02 1.199700000000000045e+03 2.949400000000000091e+03 3.143599999999999909e+03 2.450000000000000000e+03
9.199999999999985079e+00 2.439000000000000057e+02 1.137799999999999955e+03 2.909699999999999818e+03 3.212800000000000182e+03 2.495800000000000182e+03
9.299999999999982947e+00 2.293000000000000114e+02 1.077200000000000045e+03 2.868000000000000000e+03 3.281300000000000182e+03 2.544199999999999818e+03
9.399999999999980815e+00 2.180000000000000000e+02 1.020299999999999955e+03 2.816300000000000182e+03 3.348099999999999909e+03 2.597300000000000182e+03
9.499999999999984013e+00 2.046999999999999886e+02 9.650000000000000000e+02 2.772199999999999818e+03 3.416000000000000000e+03 2.642099999999999909e+03
9.599999999999981881e+00 1.931999999999999886e+02 9.161000000000000227e+02 2.729199999999999818e+03 3.477900000000000091e+03 2.683599999999999909e+03
9.699999999999983302e+00 1.821999999999999886e+02 8.677000000000000455e+02 2.680199999999999818e+03 3.540099999999999909e+03 2.729800000000000182e+03
9.799999999999981171e+00 1.723000000000000114e+02 8.210000000000000000e+02 2.636300000000000182e+03 3.602599999999999909e+03 2.767800000000000182e+03
9.899999999999979039e+00 1.629000000000000057e+02 7.778999999999999773e+02 2.587300000000000182e+03 3.667699999999999818e+03 2.804199999999999818e+03
9.999999999999982236e+00 1.545000000000000000e+02 7.312000000000000455e+02 2.541400000000000091e+03 3.729699999999999818e+03 2.843199999999999818e+03
1.009999999999998010e+01 1.459000000000000057e+02 6.937000000000000455e+02 2.484199999999999818e+03 3.792099999999999909e+03 2.884099999999999909e+03
1.019999999999997797e+01 1.375999999999999943e+02 6.567000000000000455e+02 2.431099999999999909e+03 3.854300000000000182e+03 2.920300000000000182e+03
1.029999999999998117e+01 1.313000000000000114e+02 6.162999999999999545e+02 2.389000000000000000e+03 3.916300000000000182e+03 2.947099999999999909e+03
1.039999999999997904e+01 1.250000000000000000e+02 5.821000000000000227e+02 2.331500000000000000e+03 3.976300000000000182e+03 2.985099999999999909e+03
1.049999999999997691e+01 1.187000000000000028e+02 5.513999999999999773e+02 2.279400000000000091e+03 4.037300000000000182e+03 3.013199999999999818e+03
1.059999999999997833e+01 1.125999999999999943e+02 5.188999999999999773e+02 2.233400000000000091e+03 4.096199999999999818e+03 3.038900000000000091e+03
1.069999999999997620e+01 1.074000000000000057e+02 4.911999999999999886e+02 2.180000000000000000e+03 4.152500000000000000e+03 3.068900000000000091e+03
1.079999999999997939e+01 1.022000000000000028e+02 4.658000000000000114e+02 2.127099999999999909e+03 4.214199999999999818e+03 3.090699999999999818e+03
1.089999999999997726e+01 9.740000000000000568e+01 4.428000000000000114e+02 2.073000000000000000e+03 4.270699999999999818e+03 3.116099999999999909e+03
1.099999999999997513e+01 9.259999999999999432e+01 4.210000000000000000e+02 2.018000000000000000e+03 4.332199999999999818e+03 3.136199999999999818e+03
1.109999999999997833e+01 8.870000000000000284e+01 3.941000000000000227e+02 1.977200000000000045e+03 4.386800000000000182e+03 3.153199999999999818e+03
1.119999999999997620e+01 8.400000000000000000e+01 3.753999999999999773e+02 1.927000000000000000e+03 4.440800000000000182e+03 3.172800000000000182e+03
1.129999999999997762e+01 8.059999999999999432e+01 3.546999999999999886e+02 1.878599999999999909e+03 4.494500000000000000e+03 3.191599999999999909e+03
1.139999999999997549e+01 7.640000000000000568e+01 3.348000000000000114e+02 1.831099999999999909e+03 4.551699999999999818e+03 3.206000000000000000e+03
1.149999999999997335e+01 7.259999999999999432e+01 3.166999999999999886e+02 1.787799999999999955e+03 4.607100000000000364e+03 3.215800000000000182e+03
1.159999999999997655e+01 6.990000000000000568e+01 2.961999999999999886e+02 1.746799999999999955e+03 4.660899999999999636e+03 3.226199999999999818e+03
1.169999999999997442e+01 6.740000000000000568e+01 2.808000000000000114e+02 1.698099999999999909e+03 4.716500000000000000e+03 3.237199999999999818e+03
1.179999999999997229e+01 6.479999999999999716e+01 2.670000000000000000e+02 1.652099999999999909e+03 4.767699999999999818e+03 3.248400000000000091e+03
1.189999999999997549e+01 6.220000000000000284e+01 2.520999999999999943e+02 1.608900000000000091e+03 4.818600000000000364e+03 3.258199999999999818e+03
1.199999999999997335e+01 6.060000000000000142e+01 2.364000000000000057e+02 1.565799999999999955e+03 4.871100000000000364e+03 3.266099999999999909e+03
1.209999999999997122e+01 5.800000000000000000e+01 2.240000000000000000e+02 1.520200000000000045e+03 4.923800000000000182e+03 3.274000000000000000e+03
1.219999999999997264e+01 5.550000000000000000e+01 2.115999999999999943e+02 1.479099999999999909e+03 4.971699999999999818e+03 3.282099999999999909e+03
1.229999999999997051e+01 5.389999999999999858e+01 1.995999999999999943e+02 1.439500000000000000e+03 5.021100000000000364e+03 3.285900000000000091e+03
1.239999999999997371e+01 5.139999999999999858e+01 1.880000000000000000e+02 1.396099999999999909e+03 5.071500000000000000e+03 3.293000000000000000e+03
1.249999999999997158e+01 4.889999999999999858e+01 1.769000000000000057e+02 1.357700000000000045e+03 5.120100000000000364e+03 3.296400000000000091e+03
1.259999999999996945e+01 4.779999999999999716e+01 1.660999999999999943e+02 1.317400000000000091e+03 5.168699999999999818e+03 3.300000000000000000e+03
1.269999999999997264e+01 4.620000000000000284e+01 1.570999999999999943e+02 1.277799999999999955e+03 5.214300000000000182e+03 3.304599999999999909e+03
1.279999999999997051e+01 4.489999999999999858e+01 1.489000000000000057e+02 1.237700000000000045e+03 5.264300000000000182e+03 3.304199999999999818e+03
1.289999999999997371e+01 4.329999999999999716e+01 1.405000000000000000e+02 1.202200000000000045e+03 5.311100000000000364e+03 3.302900000000000091e+03
1.299999999999996803e+01 4.250000000000000000e+01 1.325999999999999943e+02 1.166400000000000091e+03 5.357399999999999636e+03 3.301099999999999909e+03
1.309999999999996945e+01 4.100000000000000000e+01 1.254000000000000057e+02 1.129299999999999955e+03 5.399199999999999818e+03 3.305099999999999909e+03
1.319999999999997087e+01 3.950000000000000000e+01 1.182999999999999972e+02 1.092400000000000091e+03 5.449500000000000000e+03 3.300300000000000182e+03
1.329999999999996874e+01 3.900000000000000000e+01 1.104000000000000057e+02 1.060500000000000000e+03 5.493699999999999818e+03 3.296400000000000091e+03
1.339999999999996660e+01 3.760000000000000142e+01 1.044000000000000057e+02 1.027099999999999909e+03 5.534699999999999818e+03 3.296199999999999818e+03
1.349999999999996803e+01 3.679999999999999716e+01 9.850000000000000000e+01 9.951000000000000227e+02 5.576800000000000182e+03 3.292800000000000182e+03
1.359999999999996945e+01 3.600000000000000000e+01 9.229999999999999716e+01 9.622000000000000455e+02 5.624500000000000000e+03 3.285000000000000000e+03
1.369999999999996376e+01 3.479999999999999716e+01 8.750000000000000000e+01 9.332000000000000455e+02 5.666500000000000000e+03 3.278000000000000000e+03
1.379999999999996518e+01 3.410000000000000142e+01 8.400000000000000000e+01 9.016000000000000227e+02 5.711100000000000364e+03 3.269199999999999818e+03
1.389999999999996660e+01 3.320000000000000284e+01 8.029999999999999716e+01 8.712000000000000455e+02 5.751100000000000364e+03 3.264199999999999818e+03
1.399999999999996803e+01 3.300000000000000000e+01 7.600000000000000000e+01 8.422999999999999545e+02 5.793399999999999636e+03 3.255300000000000182e+03
1.409999999999996589e+01 3.220000000000000284e+01 7.240000000000000568e+01 8.100000000000000000e+02 5.840000000000000000e+03 3.245400000000000091e+03
1.419999999999996376e+01 3.150000000000000000e+01 6.800000000000000000e+01 7.845000000000000000e+02 5.879199999999999818e+03 3.236800000000000182e+03
1.429999999999996518e+01 3.089999999999999858e+01 6.490000000000000568e+01 7.575000000000000000e+02 5.917800000000000182e+03 3.228900000000000091e+03
1.439999999999996660e+01 3.019999999999999929e+01 6.189999999999999858e+01 7.317999999999999545e+02 5.960899999999999636e+03 3.215199999999999818e+03
1.449999999999996803e+01 2.960000000000000142e+01 5.920000000000000284e+01 7.081000000000000227e+02 6.001399999999999636e+03 3.201699999999999818e+03
1.459999999999996234e+01 2.939999999999999858e+01 5.620000000000000284e+01 6.845000000000000000e+02 6.040899999999999636e+03 3.189000000000000000e+03
1.469999999999996376e+01 2.900000000000000000e+01 5.329999999999999716e+01 6.625000000000000000e+02 6.081500000000000000e+03 3.173699999999999818e+03
1.479999999999996341e+01 2.869999999999999929e+01 5.000000000000000000e+01 6.405000000000000000e+02 6.120500000000000000e+03 3.160300000000000182e+03
1.489999999999996660e+01 2.850000000000000000e+01 4.750000000000000000e+01 6.183999999999999773e+02 6.157899999999999636e+03 3.147699999999999818e+03
1.499999999999996270e+01 2.789999999999999858e+01 4.529999999999999716e+01 5.968999999999999773e+02 6.197600000000000364e+03 3.132300000000000182e+03
1.509999999999996234e+01 2.760000000000000142e+01 4.289999999999999858e+01 5.772000000000000455e+02 6.238500000000000000e+03 3.113800000000000182e+03
1.519999999999996376e+01 2.730000000000000071e+01 4.079999999999999716e+01 5.565000000000000000e+02 6.275600000000000364e+03 3.099800000000000182e+03
1.529999999999995808e+01 2.700000000000000000e+01 3.850000000000000000e+01 5.367999999999999545e+02 6.314600000000000364e+03 3.083099999999999909e+03
1.539999999999995950e+01 2.669999999999999929e+01 3.679999999999999716e+01 5.165000000000000000e+02 6.355899999999999636e+03 3.064099999999999909e+03
1.549999999999996092e+01 2.660000000000000142e+01 3.410000000000000142e+01 4.993999999999999773e+02 6.393899999999999636e+03 3.046000000000000000e+03
1.559999999999996234e+01 2.650000000000000000e+01 3.289999999999999858e+01 4.813000000000000114e+02 6.431300000000000182e+03 3.028000000000000000e+03
1.569999999999996021e+01 2.589999999999999858e+01 3.100000000000000000e+01 4.663999999999999773e+02 6.468800000000000182e+03 3.007900000000000091e+03
1.579999999999995808e+01 2.569999999999999929e+01 2.969999999999999929e+01 4.506000000000000227e+02 6.503699999999999818e+03 2.990300000000000182e+03
1.589999999999995950e+01 2.569999999999999929e+01 2.769999999999999929e+01 4.348000000000000114e+02 6.539500000000000000e+03 2.972300000000000182e+03
1.599999999999996092e+01 2.560000000000000142e+01 2.589999999999999858e+01 4.173999999999999773e+02 6.576699999999999818e+03 2.954400000000000091e+03
1.609999999999996234e+01 2.510000000000000142e+01 2.480000000000000071e+01 4.028999999999999773e+02 6.612000000000000000e+03 2.935199999999999818e+03
1.619999999999996021e+01 2.480000000000000071e+01 2.310000000000000142e+01 3.886000000000000227e+02 6.642300000000000182e+03 2.921199999999999818e+03
1.629999999999995808e+01 2.469999999999999929e+01 2.160000000000000142e+01 3.756999999999999886e+02 6.675199999999999818e+03 2.902800000000000182e+03
1.639999999999996660e+01 2.439999999999999858e+01 2.069999999999999929e+01 3.623999999999999773e+02 6.709300000000000182e+03 2.883199999999999818e+03
1.649999999999996803e+01 2.439999999999999858e+01 1.960000000000000142e+01 3.516999999999999886e+02 6.740100000000000364e+03 2.864199999999999818e+03
1.659999999999996589e+01 2.419999999999999929e+01 1.869999999999999929e+01 3.405000000000000000e+02 6.773000000000000000e+03 2.843599999999999909e+03
1.669999999999996376e+01 2.400000000000000000e+01 1.789999999999999858e+01 3.265000000000000000e+02 6.805100000000000364e+03 2.826500000000000000e+03
1.679999999999996518e+01 2.400000000000000000e+01 1.719999999999999929e+01 3.131999999999999886e+02 6.840500000000000000e+03 2.805099999999999909e+03
1.689999999999997371e+01 2.380000000000000071e+01 1.660000000000000142e+01 3.018000000000000114e+02 6.877199999999999818e+03 2.780599999999999909e+03
1.699999999999997158e+01 2.350000000000000000e+01 1.590000000000000036e+01 2.921999999999999886e+02 6.908399999999999636e+03 2.760000000000000000e+03
1.709999999999996945e+01 2.330000000000000071e+01 1.469999999999999929e+01 2.811000000000000227e+02 6.942899999999999636e+03 2.738000000000000000e+03
1.719999999999997797e+01 2.319999999999999929e+01 1.440000000000000036e+01 2.693000000000000114e+02 6.973300000000000182e+03 2.719800000000000182e+03
1.729999999999997939e+01 2.280000000000000071e+01 1.350000000000000000e+01 2.586999999999999886e+02 7.007199999999999818e+03 2.697800000000000182e+03
1.739999999999997726e+01 2.250000000000000000e+01 1.269999999999999929e+01 2.498000000000000114e+02 7.041699999999999818e+03 2.673300000000000182e+03
1.749999999999997513e+01 2.230000000000000071e+01 1.240000000000000036e+01 2.415000000000000000e+02 7.073199999999999818e+03 2.650599999999999909e+03
1.759999999999997655e+01 2.230000000000000071e+01 1.169999999999999929e+01 2.335999999999999943e+02 7.104399999999999636e+03 2.628000000000000000e+03
1.769999999999998508e+01 2.219999999999999929e+01 1.109999999999999964e+01 2.260999999999999943e+02 7.135000000000000000e+03 2.605599999999999909e+03
1.779999999999998295e+01 2.219999999999999929e+01 1.080000000000000071e+01 2.175999999999999943e+02 7.164899999999999636e+03 2.584500000000000000e+03
1.789999999999998082e+01 2.189999999999999858e+01 1.059999999999999964e+01 2.085000000000000000e+02 7.194000000000000000e+03 2.565000000000000000e+03
1.799999999999998934e+01 2.160000000000000142e+01 1.000000000000000000e+01 2.006999999999999886e+02 7.221500000000000000e+03 2.546199999999999818e+03
1.809999999999999076e+01 2.150000000000000000e+01 9.900000000000000355e+00 1.931999999999999886e+02 7.251300000000000182e+03 2.524099999999999909e+03
1.819999999999998863e+01 2.139999999999999858e+01 9.300000000000000711e+00 1.860000000000000000e+02 7.282699999999999818e+03 2.500599999999999909e+03
1.829999999999998650e+01 2.130000000000000071e+01 8.900000000000000355e+00 1.800999999999999943e+02 7.310300000000000182e+03 2.479400000000000091e+03
1.839999999999998792e+01 2.130000000000000071e+01 7.900000000000000355e+00 1.736999999999999886e+02 7.337600000000000364e+03 2.459500000000000000e+03
1.849999999999999645e+01 2.119999999999999929e+01 7.599999999999999645e+00 1.685999999999999943e+02 7.362300000000000182e+03 2.440300000000000182e+03
1.859999999999999432e+01 2.119999999999999929e+01 7.400000000000000355e+00 1.620999999999999943e+02 7.392199999999999818e+03 2.417099999999999909e+03
1.869999999999999218e+01 2.119999999999999929e+01 7.000000000000000000e+00 1.555999999999999943e+02 7.421100000000000364e+03 2.395099999999999909e+03
1.880000000000000071e+01 2.119999999999999929e+01 6.799999999999999822e+00 1.485999999999999943e+02 7.447300000000000182e+03 2.376099999999999909e+03
1.890000000000000213e+01 2.119999999999999929e+01 6.299999999999999822e+00 1.434000000000000057e+02 7.471399999999999636e+03 2.357699999999999818e+03
1.900000000000000000e+01 2.089999999999999858e+01 6.299999999999999822e+00 1.385999999999999943e+02 7.497300000000000182e+03 2.336900000000000091e+03
1.909999999999999787e+01 2.089999999999999858e+01 5.799999999999999822e+00 1.324000000000000057e+02 7.525000000000000000e+03 2.315900000000000091e+03
1.919999999999999929e+01 2.089999999999999858e+01 5.599999999999999645e+00 1.275999999999999943e+02 7.550800000000000182e+03 2.295099999999999909e+03
1.930000000000000782e+01 2.080000000000000071e+01 5.500000000000000000e+00 1.229000000000000057e+02 7.576100000000000364e+03 2.274699999999999818e+03
1.940000000000000568e+01 2.069999999999999929e+01 5.299999999999999822e+00 1.187999999999999972e+02 7.602399999999999636e+03 2.252800000000000182e+03
1.950000000000000355e+01 2.069999999999999929e+01 5.299999999999999822e+00 1.137000000000000028e+02 7.627000000000000000e+03 2.233300000000000182e+03
1.960000000000001208e+01 2.060000000000000142e+01 5.000000000000000000e+00 1.100000000000000000e+02 7.652100000000000364e+03 2.212300000000000182e+03
1.970000000000001350e+01 2.060000000000000142e+01 4.599999999999999645e+00 1.070999999999999943e+02 7.675899999999999636e+03 2.191800000000000182e+03
1.980000000000001137e+01 2.060000000000000142e+01 4.000000000000000000e+00 1.042999999999999972e+02 7.698600000000000364e+03 2.172500000000000000e+03
1.990000000000000924e+01 2.060000000000000142e+01 3.799999999999999822e+00 1.010000000000000000e+02 7.720300000000000182e+03 2.154300000000000182e+03
2.000000000000001066e+01 2.060000000000000142e+01 3.600000000000000089e+00 9.720000000000000284e+01 7.746100000000000364e+03 2.132500000000000000e+03
2.010000000000001918e+01 2.060000000000000142e+01 3.399999999999999911e+00 9.390000000000000568e+01 7.769000000000000000e+03 2.113099999999999909e+03
2.020000000000001705e+01 2.060000000000000142e+01 3.299999999999999822e+00 9.020000000000000284e+01 7.792000000000000000e+03 2.093900000000000091e+03
2.030000000000001492e+01 2.060000000000000142e+01 3.299999999999999822e+00 8.670000000000000284e+01 7.816300000000000182e+03 2.073099999999999909e+03
2.040000000000002345e+01 2.060000000000000142e+01 3.000000000000000000e+00 8.429999999999999716e+01 7.839000000000000000e+03 2.053099999999999909e+03
2.050000000000002487e+01 2.060000000000000142e+01 2.600000000000000089e+00 8.059999999999999432e+01 7.859699999999999818e+03 2.036500000000000000e+03
2.060000000000002274e+01 2.060000000000000142e+01 2.299999999999999822e+00 7.829999999999999716e+01 7.882500000000000000e+03 2.016299999999999955e+03
2.070000000000002061e+01 2.050000000000000000e+01 2.399999999999999911e+00 7.540000000000000568e+01 7.902399999999999636e+03 1.999299999999999955e+03
2.080000000000002203e+01 2.050000000000000000e+01 2.100000000000000089e+00 7.290000000000000568e+01 7.926100000000000364e+03 1.978400000000000091e+03
2.090000000000003055e+01 2.039999999999999858e+01 2.100000000000000089e+00 6.979999999999999716e+01 7.949399999999999636e+03 1.958299999999999955e+03
2.100000000000002842e+01 2.039999999999999858e+01 2.100000000000000089e+00 6.740000000000000568e+01 7.970600000000000364e+03 1.939500000000000000e+03
2.110000000000002629e+01 2.039999999999999858e+01 2.000000000000000000e+00 6.490000000000000568e+01 7.991399999999999636e+03 1.921299999999999955e+03
2.120000000000003482e+01 2.030000000000000071e+01 1.899999999999999911e+00 6.329999999999999716e+01 8.012899999999999636e+03 1.901599999999999909e+03
2.130000000000003624e+01 2.030000000000000071e+01 1.699999999999999956e+00 6.170000000000000284e+01 8.034399999999999636e+03 1.881900000000000091e+03
2.140000000000003411e+01 2.030000000000000071e+01 1.600000000000000089e+00 5.989999999999999858e+01 8.056000000000000000e+03 1.862200000000000045e+03
2.150000000000003197e+01 2.030000000000000071e+01 1.600000000000000089e+00 5.770000000000000284e+01 8.076199999999999818e+03 1.844200000000000045e+03
2.160000000000003340e+01 2.030000000000000071e+01 1.500000000000000000e+00 5.560000000000000142e+01 8.098000000000000000e+03 1.824599999999999909e+03
2.170000000000004192e+01 2.030000000000000071e+01 1.300000000000000044e+00 5.360000000000000142e+01 8.118300000000000182e+03 1.806500000000000000e+03
2.180000000000003979e+01 2.030000000000000071e+01 1.199999999999999956e+00 5.139999999999999858e+01 8.137699999999999818e+03 1.789400000000000091e+03
2.190000000000003766e+01 2.030000000000000071e+01 1.199999999999999956e+00 4.979999999999999716e+01 8.155199999999999818e+03 1.773500000000000000e+03
2.200000000000004619e+01 2.030000000000000071e+01 1.199999999999999956e+00 4.710000000000000142e+01 8.174199999999999818e+03 1.757200000000000045e+03
2.210000000000004761e+01 2.030000000000000071e+01 1.100000000000000089e+00 4.579999999999999716e+01 8.194700000000000728e+03 1.738099999999999909e+03
2.220000000000004547e+01 2.030000000000000071e+01 9.000000000000000222e-01 4.389999999999999858e+01 8.213299999999999272e+03 1.721599999999999909e+03
2.230000000000004334e+01 2.010000000000000142e+01 1.100000000000000089e+00 4.239999999999999858e+01 8.232600000000000364e+03 1.703799999999999955e+03
2.240000000000004476e+01 2.010000000000000142e+01 1.100000000000000089e+00 4.070000000000000284e+01 8.252000000000000000e+03 1.686099999999999909e+03
2.250000000000005329e+01 2.010000000000000142e+01 9.000000000000000222e-01 3.920000000000000284e+01 8.270000000000000000e+03 1.669799999999999955e+03
2.260000000000005116e+01 2.010000000000000142e+01 9.000000000000000222e-01 3.700000000000000000e+01 8.287100000000000364e+03 1.654900000000000091e+03
2.270000000000004903e+01 2.010000000000000142e+01 9.000000000000000222e-01 3.639999999999999858e+01 8.304200000000000728e+03 1.638400000000000091e+03
2.280000000000005755e+01 2.010000000000000142e+01 9.000000000000000222e-01 3.520000000000000284e+01 8.321799999999999272e+03 1.622000000000000000e+03
2.290000000000005898e+01 2.010000000000000142e+01 9.000000000000000222e-01 3.339999999999999858e+01 8.339000000000000000e+03 1.606599999999999909e+03
2.300000000000005684e+01 2.010000000000000142e+01 9.000000000000000222e-01 3.189999999999999858e+01 8.356700000000000728e+03 1.590400000000000091e+03
2.310000000000005471e+01 2.010000000000000142e+01 9.000000000000000222e-01 3.110000000000000142e+01 8.372299999999999272e+03 1.575599999999999909e+03
2.320000000000005613e+01 2.010000000000000142e+01 9.000000000000000222e-01 2.989999999999999858e+01 8.390000000000000000e+03 1.559099999999999909e+03
2.330000000000006466e+01 2.010000000000000142e+01 9.000000000000000222e-01 2.830000000000000071e+01 8.407000000000000000e+03 1.543700000000000045e+03
2.340000000000006253e+01 2.010000000000000142e+01 9.000000000000000222e-01 2.730000000000000071e+01 8.424500000000000000e+03 1.527200000000000045e+03
2.350000000000006040e+01 2.010000000000000142e+01 8.000000000000000444e-01 2.680000000000000071e+01 8.441799999999999272e+03 1.510500000000000000e+03
2.360000000000006892e+01 2.010000000000000142e+01 5.999999999999999778e-01 2.550000000000000000e+01 8.457899999999999636e+03 1.495900000000000091e+03
2.370000000000007034e+01 2.010000000000000142e+01 5.000000000000000000e-01 2.450000000000000000e+01 8.475100000000000364e+03 1.479799999999999955e+03
2.380000000000006821e+01 2.010000000000000142e+01 5.000000000000000000e-01 2.330000000000000071e+01 8.491799999999999272e+03 1.464299999999999955e+03
2.390000000000006608e+01 2.010000000000000142e+01 5.000000000000000000e-01 2.300000000000000000e+01 8.506500000000000000e+03 1.449900000000000091e+03
2.400000000000006750e+01 2.010000000000000142e+01 5.000000000000000000e-01 2.260000000000000142e+01 8.522899999999999636e+03 1.433900000000000091e+03
2.410000000000007603e+01 2.000000000000000000e+01 5.999999999999999778e-01 2.169999999999999929e+01 8.539500000000000000e+03 1.418200000000000045e+03
2.420000000000007390e+01 2.000000000000000000e+01 5.999999999999999778e-01 2.119999999999999929e+01 8.555700000000000728e+03 1.402500000000000000e+03
2.430000000000007176e+01 2.000000000000000000e+01 5.999999999999999778e-01 1.989999999999999858e+01 8.569100000000000364e+03 1.390400000000000091e+03
2.440000000000008029e+01 1.989999999999999858e+01 6.999999999999999556e-01 1.900000000000000000e+01 8.584200000000000728e+03 1.376200000000000045e+03
2.450000000000008171e+01 1.989999999999999858e+01 5.999999999999999778e-01 1.850000000000000000e+01 8.598399999999999636e+03 1.362599999999999909e+03
2.460000000000007958e+01 1.989999999999999858e+01 4.000000000000000222e-01 1.810000000000000142e+01 8.613100000000000364e+03 1.348500000000000000e+03
2.470000000000007745e+01 1.989999999999999858e+01 4.000000000000000222e-01 1.730000000000000071e+01 8.630600000000000364e+03 1.331799999999999955e+03
2.480000000000007887e+01 1.989999999999999858e+01 4.000000000000000222e-01 1.680000000000000071e+01 8.644500000000000000e+03 1.318400000000000091e+03
2.490000000000008740e+01 1.980000000000000071e+01 5.000000000000000000e-01 1.580000000000000071e+01 8.660000000000000000e+03 1.303900000000000091e+03
2.500000000000008527e+01 1.980000000000000071e+01 5.000000000000000000e-01 1.540000000000000036e+01 8.674899999999999636e+03 1.289400000000000091e+03
2.510000000000008313e+01 1.980000000000000071e+01 4.000000000000000222e-01 1.459999999999999964e+01 8.688500000000000000e+03 1.276700000000000045e+03
2.520000000000009166e+01 1.980000000000000071e+01 4.000000000000000222e-01 1.390000000000000036e+01 8.703299999999999272e+03 1.262599999999999909e+03
2.530000000000009308e+01 1.980000000000000071e+01 4.000000000000000222e-01 1.369999999999999929e+01 8.717899999999999636e+03 1.248200000000000045e+03
2.540000000000009095e+01 1.980000000000000071e+01 4.000000000000000222e-01 1.340000000000000036e+01 8.730600000000000364e+03 1.235799999999999955e+03
2.550000000000008882e+01 1.980000000000000071e+01 4.000000000000000222e-01 1.319999999999999929e+01 8.745500000000000000e+03 1.221099999999999909e+03
2.560000000000008669e+01 1.980000000000000071e+01 2.999999999999999889e-01 1.280000000000000071e+01 8.760000000000000000e+03 1.207099999999999909e+03
2.570000000000009521e+01 1.980000000000000071e+01 2.999999999999999889e-01 1.230000000000000071e+01 8.774500000000000000e+03 1.193099999999999909e+03
2.580000000000009663e+01 1.980000000000000071e+01 2.999999999999999889e-01 1.180000000000000071e+01 8.789299999999999272e+03 1.178799999999999955e+03
2.590000000000009805e+01 1.980000000000000071e+01 2.999999999999999889e-01 1.140000000000000036e+01 8.803100000000000364e+03 1.165400000000000091e+03
2.600000000000010658e+01 1.980000000000000071e+01 2.999999999999999889e-01 1.130000000000000071e+01 8.817899999999999636e+03 1.150700000000000045e+03
2.610000000000010090e+01 1.980000000000000071e+01 2.999999999999999889e-01 1.119999999999999929e+01 8.827899999999999636e+03 1.140799999999999955e+03
2.620000000000010232e+01 1.980000000000000071e+01 2.999999999999999889e-01 1.069999999999999929e+01 8.842500000000000000e+03 1.126700000000000045e+03
2.630000000000010374e+01 1.980000000000000071e+01 2.999999999999999889e-01 1.040000000000000036e+01 8.856100000000000364e+03 1.113400000000000091e+03
2.640000000000009805e+01 1.980000000000000071e+01 2.999999999999999889e-01 9.900000000000000355e+00 8.869200000000000728e+03 1.100799999999999955e+03
2.650000000000010658e+01 1.980000000000000071e+01 2.999999999999999889e-01 9.000000000000000000e+00 8.882000000000000000e+03 1.088900000000000091e+03
2.660000000000010800e+01 1.980000000000000071e+01 2.999999999999999889e-01 8.800000000000000711e+00 8.894000000000000000e+03 1.077099999999999909e+03
2.670000000000010942e+01 1.980000000000000071e+01 2.999999999999999889e-01 8.500000000000000000e+00 8.905600000000000364e+03 1.065799999999999955e+03
2.680000000000011795e+01 1.980000000000000071e+01 2.999999999999999889e-01 8.099999999999999645e+00 8.916899999999999636e+03 1.054900000000000091e+03
2.690000000000011227e+01 1.980000000000000071e+01 2.999999999999999889e-01 8.000000000000000000e+00 8.927299999999999272e+03 1.044599999999999909e+03
2.700000000000011369e+01 1.980000000000000071e+01 2.999999999999999889e-01 7.799999999999999822e+00 8.937899999999999636e+03 1.034200000000000045e+03
2.710000000000011511e+01 1.980000000000000071e+01 2.999999999999999889e-01 7.599999999999999645e+00 8.947899999999999636e+03 1.024400000000000091e+03
2.720000000000010942e+01 1.980000000000000071e+01 2.999999999999999889e-01 7.500000000000000000e+00 8.959500000000000000e+03 1.012899999999999977e+03
2.730000000000011795e+01 1.980000000000000071e+01 2.999999999999999889e-01 7.200000000000000178e+00 8.971299999999999272e+03 1.001399999999999977e+03
2.740000000000011937e+01 1.980000000000000071e+01 2.999999999999999889e-01 7.099999999999999645e+00 8.981600000000000364e+03 9.912000000000000455e+02
2.750000000000012079e+01 1.980000000000000071e+01 2.999999999999999889e-01 6.799999999999999822e+00 8.994299999999999272e+03 9.787999999999999545e+02
2.760000000000012932e+01 1.980000000000000071e+01 2.999999999999999889e-01 6.700000000000000178e+00 9.004700000000000728e+03 9.685000000000000000e+02
2.770000000000012363e+01 1.980000000000000071e+01 2.999999999999999889e-01 6.500000000000000000e+00 9.015200000000000728e+03 9.582000000000000455e+02
2.780000000000012506e+01 1.980000000000000071e+01 2.999999999999999889e-01 6.200000000000000178e+00 9.025100000000000364e+03 9.486000000000000227e+02
2.790000000000012648e+01 1.980000000000000071e+01 2.999999999999999889e-01 6.099999999999999645e+00 9.035600000000000364e+03 9.382000000000000455e+02
2.800000000000012079e+01 1.980000000000000071e+01 2.999999999999999889e-01 6.000000000000000000e+00 9.046799999999999272e+03 9.271000000000000227e+02
2.810000000000012932e+01 1.980000000000000071e+01 2.999999999999999889e-01 5.799999999999999822e+00 9.056500000000000000e+03 9.176000000000000227e+02
2.820000000000013074e+01 1.980000000000000071e+01 2.000000000000000111e-01 5.700000000000000178e+00 9.066000000000000000e+03 9.082999999999999545e+02
2.830000000000013216e+01 1.980000000000000071e+01 2.000000000000000111e-01 5.400000000000000355e+00 9.075200000000000728e+03 8.993999999999999773e+02
2.840000000000014069e+01 1.980000000000000071e+01 2.000000000000000111e-01 5.099999999999999645e+00 9.083700000000000728e+03 8.912000000000000455e+02
2.850000000000013500e+01 1.980000000000000071e+01 2.000000000000000111e-01 5.000000000000000000e+00 9.093200000000000728e+03 8.817999999999999545e+02
2.860000000000013642e+01 1.980000000000000071e+01 2.000000000000000111e-01 4.799999999999999822e+00 9.102600000000000364e+03 8.726000000000000227e+02
2.870000000000013785e+01 1.980000000000000071e+01 2.000000000000000111e-01 4.599999999999999645e+00 9.112700000000000728e+03 8.627000000000000455e+02
2.880000000000013216e+01 1.980000000000000071e+01 2.000000000000000111e-01 4.599999999999999645e+00 9.123399999999999636e+03 8.520000000000000000e+02
2.890000000000014069e+01 1.980000000000000071e+01 1.000000000000000056e-01 4.400000000000000355e+00 9.132200000000000728e+03 8.435000000000000000e+02
2.900000000000013500e+01 1.980000000000000071e+01 1.000000000000000056e-01 4.400000000000000355e+00 9.142000000000000000e+03 8.337000000000000455e+02
2.910000000000014353e+01 1.980000000000000071e+01 1.000000000000000056e-01 4.099999999999999645e+00 9.150399999999999636e+03 8.256000000000000227e+02
2.920000000000015206e+01 1.980000000000000071e+01 1.000000000000000056e-01 4.099999999999999645e+00 9.158799999999999272e+03 8.172000000000000455e+02
2.930000000000014637e+01 1.980000000000000071e+01 1.000000000000000056e-01 4.099999999999999645e+00 9.165799999999999272e+03 8.102000000000000455e+02
2.940000000000014779e+01 1.980000000000000071e+01 1.000000000000000056e-01 4.099999999999999645e+00 9.173399999999999636e+03 8.026000000000000227e+02
2.950000000000014921e+01 1.980000000000000071e+01 1.000000000000000056e-01 3.799999999999999822e+00 9.182899999999999636e+03 7.933999999999999773e+02
2.960000000000014353e+01 1.980000000000000071e+01 1.000000000000000056e-01 3.799999999999999822e+00 9.191600000000000364e+03 7.847000000000000455e+02
2.970000000000015206e+01 1.980000000000000071e+01 1.000000000000000056e-01 3.600000000000000089e+00 9.201899999999999636e+03 7.746000000000000227e+02
2.980000000000016058e+01 1.980000000000000071e+01 1.000000000000000056e-01 3.600000000000000089e+00 9.210299999999999272e+03 7.662000000000000455e+02
2.990000000000015490e+01 1.980000000000000071e+01 0.000000000000000000e+00 3.299999999999999822e+00 9.219100000000000364e+03 7.577999999999999545e+02
3.000000000000016342e+01 1.980000000000000071e+01 0.000000000000000000e+00 3.299999999999999822e+00 9.228799999999999272e+03 7.481000000000000227e+02
3.010000000000015774e+01 1.980000000000000071e+01 0.000000000000000000e+00 3.200000000000000178e+00 9.236799999999999272e+03 7.402000000000000455e+02
3.020000000000015916e+01 1.980000000000000071e+01 0.000000000000000000e+00 3.100000000000000089e+00 9.246100000000000364e+03 7.310000000000000000e+02
3.030000000000016058e+01 1.980000000000000071e+01 0.000000000000000000e+00 2.799999999999999822e+00 9.254700000000000728e+03 7.227000000000000455e+02
3.040000000000015490e+01 1.980000000000000071e+01 0.000000000000000000e+00 2.700000000000000178e+00 9.262000000000000000e+03 7.155000000000000000e+02
3.050000000000016342e+01 1.980000000000000071e+01 0.000000000000000000e+00 2.600000000000000089e+00 9.271000000000000000e+03 7.066000000000000227e+02
3.060000000000015774e+01 1.980000000000000071e+01 0.000000000000000000e+00 2.399999999999999911e+00 9.277700000000000728e+03 7.001000000000000227e+02
3.070000000000016627e+01 1.980000000000000071e+01 0.000000000000000000e+00 2.299999999999999822e+00 9.284799999999999272e+03 6.931000000000000227e+02
3.080000000000017479e+01 1.980000000000000071e+01 0.000000000000000000e+00 2.100000000000000089e+00 9.292000000000000000e+03 6.861000000000000227e+02
3.090000000000016911e+01 1.980000000000000071e+01 0.000000000000000000e+00 2.000000000000000000e+00 9.300299999999999272e+03 6.778999999999999773e+02
3.100000000000017053e+01 1.980000000000000071e+01 0.000000000000000000e+00 1.899999999999999911e+00 9.308399999999999636e+03 6.698999999999999773e+02
3.110000000000017195e+01 1.980000000000000071e+01 0.000000000000000000e+00 1.899999999999999911e+00 9.315500000000000000e+03 6.627999999999999545e+02
3.120000000000016627e+01 1.980000000000000071e+01 0.000000000000000000e+00 1.899999999999999911e+00 9.324399999999999636e+03 6.538999999999999773e+02
3.130000000000017479e+01 1.980000000000000071e+01 0.000000000000000000e+00 1.800000000000000044e+00 9.330399999999999636e+03 6.480000000000000000e+02
3.140000000000018332e+01 1.980000000000000071e+01 0.000000000000000000e+00 1.800000000000000044e+00 9.336899999999999636e+03 6.415000000000000000e+02
3.150000000000017764e+01 1.980000000000000071e+01 0.000000000000000000e+00 1.699999999999999956e+00 9.343700000000000728e+03 6.347999999999999545e+02
3.160000000000018616e+01 1.980000000000000071e+01 0.000000000000000000e+00 1.699999999999999956e+00 9.351700000000000728e+03 6.267999999999999545e+02
3.170000000000018048e+01 1.980000000000000071e+01 0.000000000000000000e+00 1.500000000000000000e+00 9.358299999999999272e+03 6.203999999999999773e+02
3.180000000000018190e+01 1.980000000000000071e+01 0.000000000000000000e+00 1.500000000000000000e+00 9.364399999999999636e+03 6.142999999999999545e+02
3.190000000000018332e+01 1.980000000000000071e+01 0.000000000000000000e+00 1.399999999999999911e+00 9.371299999999999272e+03 6.075000000000000000e+02
3.200000000000017764e+01 1.980000000000000071e+01 0.000000000000000000e+00 1.399999999999999911e+00 9.378299999999999272e+03 6.005000000000000000e+02
3.210000000000018616e+01 1.980000000000000071e+01 0.000000000000000000e+00 1.399999999999999911e+00 9.384799999999999272e+03 5.940000000000000000e+02
3.220000000000018048e+01 1.980000000000000071e+01 0.000000000000000000e+00 1.399999999999999911e+00 9.391299999999999272e+03 5.875000000000000000e+02
3.230000000000018900e+01 1.980000000000000071e+01 0.000000000000000000e+00 1.199999999999999956e+00 9.398399999999999636e+03 5.806000000000000227e+02
3.240000000000019753e+01 1.980000000000000071e+01 0.000000000000000000e+00 1.199999999999999956e+00 9.404600000000000364e+03 5.743999999999999773e+02
3.250000000000018474e+01 1.980000000000000071e+01 0.000000000000000000e+00 1.000000000000000000e+00 9.411100000000000364e+03 5.681000000000000227e+02
3.260000000000019327e+01 1.980000000000000071e+01 0.000000000000000000e+00 1.000000000000000000e+00 9.417899999999999636e+03 5.612999999999999545e+02
3.270000000000020179e+01 1.980000000000000071e+01 0.000000000000000000e+00 1.000000000000000000e+00 9.423200000000000728e+03 5.560000000000000000e+02
3.280000000000018900e+01 1.980000000000000071e+01 0.000000000000000000e+00 8.000000000000000444e-01 9.430100000000000364e+03 5.492999999999999545e+02
3.290000000000019753e+01 1.980000000000000071e+01 0.000000000000000000e+00 8.000000000000000444e-01 9.436399999999999636e+03 5.430000000000000000e+02
3.300000000000020606e+01 1.980000000000000071e+01 0.000000000000000000e+00 8.000000000000000444e-01 9.441799999999999272e+03 5.376000000000000227e+02
3.310000000000020037e+01 1.980000000000000071e+01 0.000000000000000000e+00 8.000000000000000444e-01 9.447100000000000364e+03 5.322999999999999545e+02
3.320000000000020890e+01 1.980000000000000071e+01 0.000000000000000000e+00 8.000000000000000444e-01 9.452299999999999272e+03 5.271000000000000227e+02
3.330000000000019611e+01 1.980000000000000071e+01 0.000000000000000000e+00 8.000000000000000444e-01 9.457399999999999636e+03 5.220000000000000000e+02
3.340000000000020464e+01 1.980000000000000071e+01 0.000000000000000000e+00 8.000000000000000444e-01 9.463299999999999272e+03 5.161000000000000227e+02
3.350000000000021316e+01 1.980000000000000071e+01 0.000000000000000000e+00 8.000000000000000444e-01 9.468799999999999272e+03 5.106000000000000227e+02
3.360000000000020037e+01 1.980000000000000071e+01 0.000000000000000000e+00 8.000000000000000444e-01 9.475399999999999636e+03 5.040000000000000000e+02
3.370000000000020890e+01 1.980000000000000071e+01 0.000000000000000000e+00 8.000000000000000444e-01 9.482100000000000364e+03 4.973000000000000114e+02
3.380000000000020322e+01 1.980000000000000071e+01 0.000000000000000000e+00 8.000000000000000444e-01 9.487500000000000000e+03 4.918999999999999773e+02
3.390000000000021174e+01 1.980000000000000071e+01 0.000000000000000000e+00 8.000000000000000444e-01 9.494000000000000000e+03 4.853999999999999773e+02
3.400000000000022027e+01 1.980000000000000071e+01 0.000000000000000000e+00 8.000000000000000444e-01 9.498700000000000728e+03 4.806999999999999886e+02
3.410000000000020748e+01 1.980000000000000071e+01 0.000000000000000000e+00 8.000000000000000444e-01 9.504399999999999636e+03 4.750000000000000000e+02
3.420000000000021600e+01 1.980000000000000071e+01 0.000000000000000000e+00 6.999999999999999556e-01 9.509299999999999272e+03 4.701999999999999886e+02
3.430000000000022453e+01 1.980000000000000071e+01 0.000000000000000000e+00 6.999999999999999556e-01 9.514299999999999272e+03 4.651999999999999886e+02
3.440000000000021174e+01 1.980000000000000071e+01 0.000000000000000000e+00 6.999999999999999556e-01 9.520700000000000728e+03 4.588000000000000114e+02
3.450000000000022027e+01 1.980000000000000071e+01 0.000000000000000000e+00 6.999999999999999556e-01 9.524399999999999636e+03 4.551000000000000227e+02
3.460000000000022879e+01 1.980000000000000071e+01 0.000000000000000000e+00 6.999999999999999556e-01 9.530200000000000728e+03 4.493000000000000114e+02
3.470000000000022311e+01 1.980000000000000071e+01 0.000000000000000000e+00 6.999999999999999556e-01 9.534500000000000000e+03 4.450000000000000000e+02
3.480000000000023164e+01 1.980000000000000071e+01 0.000000000000000000e+00 6.999999999999999556e-01 9.539799999999999272e+03 4.396999999999999886e+02
3.490000000000021885e+01 1.980000000000000071e+01 0.000000000000000000e+00 5.999999999999999778e-01 9.544200000000000728e+03 4.353999999999999773e+02
3.500000000000022737e+01 1.980000000000000071e+01 0.000000000000000000e+00 5.999999999999999778e-01 9.549299999999999272e+03 4.303000000000000114e+02
3.510000000000023590e+01 1.980000000000000071e+01 0.000000000000000000e+00 5.999999999999999778e-01 9.553600000000000364e+03 4.260000000000000000e+02
3.520000000000022311e+01 1.980000000000000071e+01 0.000000000000000000e+00 5.000000000000000000e-01 9.557700000000000728e+03 4.220000000000000000e+02
3.530000000000023164e+01 1.980000000000000071e+01 0.000000000000000000e+00 5.000000000000000000e-01 9.562100000000000364e+03 4.176000000000000227e+02
3.540000000000022595e+01 1.980000000000000071e+01 0.000000000000000000e+00 5.000000000000000000e-01 9.566200000000000728e+03 4.135000000000000000e+02
3.550000000000023448e+01 1.980000000000000071e+01 0.000000000000000000e+00 5.000000000000000000e-01 9.570399999999999636e+03 4.093000000000000114e+02
3.560000000000024301e+01 1.980000000000000071e+01 0.000000000000000000e+00 5.000000000000000000e-01 9.575899999999999636e+03 4.038000000000000114e+02
3.570000000000023022e+01 1.980000000000000071e+01 0.000000000000000000e+00 5.000000000000000000e-01 9.580000000000000000e+03 3.996999999999999886e+02
3.580000000000023874e+01 1.980000000000000071e+01 0.000000000000000000e+00 5.000000000000000000e-01 9.583899999999999636e+03 3.958000000000000114e+02
3.590000000000024727e+01 1.980000000000000071e+01 0.000000000000000000e+00 5.000000000000000000e-01 9.587899999999999636e+03 3.918000000000000114e+02
3.600000000000023448e+01 1.980000000000000071e+01 0.000000000000000000e+00 5.000000000000000000e-01 9.592899999999999636e+03 3.868000000000000114e+02
3.610000000000024301e+01 1.980000000000000071e+01 0.000000000000000000e+00 5.000000000000000000e-01 9.597200000000000728e+03 3.825000000000000000e+02
3.620000000000025153e+01 1.980000000000000071e+01 0.000000000000000000e+00 5.000000000000000000e-01 9.601200000000000728e+03 3.785000000000000000e+02
3.630000000000024585e+01 1.980000000000000071e+01 0.000000000000000000e+00 5.000000000000000000e-01 9.605700000000000728e+03 3.740000000000000000e+02
3.640000000000025437e+01 1.980000000000000071e+01 0.000000000000000000e+00 4.000000000000000222e-01 9.609500000000000000e+03 3.703000000000000114e+02
3.650000000000024158e+01 1.980000000000000071e+01 0.000000000000000000e+00 4.000000000000000222e-01 9.613600000000000364e+03 3.661999999999999886e+02
3.660000000000025011e+01 1.980000000000000071e+01 0.000000000000000000e+00 4.000000000000000222e-01 9.618100000000000364e+03 3.616999999999999886e+02
3.670000000000025864e+01 1.980000000000000071e+01 0.000000000000000000e+00 4.000000000000000222e-01 9.621700000000000728e+03 3.581000000000000227e+02
3.680000000000024585e+01 1.980000000000000071e+01 0.000000000000000000e+00 4.000000000000000222e-01 9.625899999999999636e+03 3.538999999999999773e+02
3.690000000000025437e+01 1.980000000000000071e+01 0.000000000000000000e+00 4.000000000000000222e-01 9.628899999999999636e+03 3.508999999999999773e+02
3.700000000000024869e+01 1.980000000000000071e+01 0.000000000000000000e+00 4.000000000000000222e-01 9.632299999999999272e+03 3.475000000000000000e+02
3.710000000000025722e+01 1.980000000000000071e+01 0.000000000000000000e+00 2.999999999999999889e-01 9.635700000000000728e+03 3.441999999999999886e+02
3.720000000000026574e+01 1.980000000000000071e+01 0.000000000000000000e+00 2.999999999999999889e-01 9.639200000000000728e+03 3.406999999999999886e+02
3.730000000000025295e+01 1.980000000000000071e+01 0.000000000000000000e+00 2.999999999999999889e-01 9.643700000000000728e+03 3.361999999999999886e+02
3.740000000000026148e+01 1.980000000000000071e+01 0.000000000000000000e+00 2.999999999999999889e-01 9.646899999999999636e+03 3.330000000000000000e+02
3.750000000000027001e+01 1.980000000000000071e+01 0.000000000000000000e+00 2.999999999999999889e-01 9.650200000000000728e+03 3.296999999999999886e+02
3.760000000000025722e+01 1.980000000000000071e+01 0.000000000000000000e+00 2.999999999999999889e-01 9.653700000000000728e+03 3.261999999999999886e+02
3.770000000000026574e+01 1.980000000000000071e+01 0.000000000000000000e+00 2.999999999999999889e-01 9.657399999999999636e+03 3.225000000000000000e+02
3.780000000000027427e+01 1.980000000000000071e+01 0.000000000000000000e+00 2.999999999999999889e-01 9.661700000000000728e+03 3.181999999999999886e+02
3.790000000000026859e+01 1.980000000000000071e+01 0.000000000000000000e+00 2.999999999999999889e-01 9.664000000000000000e+03 3.158999999999999773e+02
3.800000000000027711e+01 1.980000000000000071e+01 0.000000000000000000e+00 2.000000000000000111e-01 9.668299999999999272e+03 3.116999999999999886e+02
3.810000000000026432e+01 1.980000000000000071e+01 0.000000000000000000e+00 2.000000000000000111e-01 9.671100000000000364e+03 3.088999999999999773e+02
3.820000000000027285e+01 1.980000000000000071e+01 0.000000000000000000e+00 2.000000000000000111e-01 9.674000000000000000e+03 3.060000000000000000e+02
3.830000000000028137e+01 1.980000000000000071e+01 0.000000000000000000e+00 2.000000000000000111e-01 9.677399999999999636e+03 3.026000000000000227e+02
3.840000000000026859e+01 1.980000000000000071e+01 0.000000000000000000e+00 2.000000000000000111e-01 9.681500000000000000e+03 2.985000000000000000e+02
3.850000000000027711e+01 1.980000000000000071e+01 0.000000000000000000e+00 2.000000000000000111e-01 9.684799999999999272e+03 2.951999999999999886e+02
3.860000000000027143e+01 1.980000000000000071e+01 0.000000000000000000e+00 2.000000000000000111e-01 9.687299999999999272e+03 2.926999999999999886e+02
3.870000000000027995e+01 1.980000000000000071e+01 0.000000000000000000e+00 2.000000000000000111e-01 9.690500000000000000e+03 2.895000000000000000e+02
3.880000000000028848e+01 1.980000000000000071e+01 0.000000000000000000e+00 2.000000000000000111e-01 9.694299999999999272e+03 2.856999999999999886e+02
3.890000000000027569e+01 1.980000000000000071e+01 0.000000000000000000e+00 2.000000000000000111e-01 9.697799999999999272e+03 2.821999999999999886e+02
3.900000000000028422e+01 1.980000000000000071e+01 0.000000000000000000e+00 2.000000000000000111e-01 9.700700000000000728e+03 2.793000000000000114e+02
3.910000000000029274e+01 1.980000000000000071e+01 0.000000000000000000e+00 2.000000000000000111e-01 9.703000000000000000e+03 2.770000000000000000e+02
3.920000000000027995e+01 1.980000000000000071e+01 0.000000000000000000e+00 1.000000000000000056e-01 9.705600000000000364e+03 2.745000000000000000e+02
3.930000000000028848e+01 1.980000000000000071e+01 0.000000000000000000e+00 1.000000000000000056e-01 9.708899999999999636e+03 2.711999999999999886e+02
3.940000000000029701e+01 1.980000000000000071e+01 0.000000000000000000e+00 1.000000000000000056e-01 9.711500000000000000e+03 2.686000000000000227e+02
3.950000000000029132e+01 1.980000000000000071e+01 0.000000000000000000e+00 1.000000000000000056e-01 9.715000000000000000e+03 2.651000000000000227e+02
3.960000000000029985e+01 1.980000000000000071e+01 0.000000000000000000e+00 1.000000000000000056e-01 9.718700000000000728e+03 2.613999999999999773e+02
3.970000000000028706e+01 1.980000000000000071e+01 0.000000000000000000e+00 1.000000000000000056e-01 9.721399999999999636e+03 2.586999999999999886e+02
3.980000000000029559e+01 1.980000000000000071e+01 0.000000000000000000e+00 1.000000000000000056e-01 9.724799999999999272e+03 2.553000000000000114e+02
3.990000000000030411e+01 1.980000000000000071e+01 0.000000000000000000e+00 1.000000000000000056e-01 9.728200000000000728e+03 2.519000000000000057e+02
4.000000000000029132e+01 1.980000000000000071e+01 0.000000000000000000e+00 1.000000000000000056e-01 9.731700000000000728e+03 2.484000000000000057e+02
