0.000000000000000000e+00 9.900000000000000000e+03 1.000000000000000000e+02 0.000000000000000000e+00 0.000000000000000000e+00 0.000000000000000000e+00
1.000000000000000000e+00 9.814000000000000000e+03 1.470000000000000000e+02 3.700000000000000000e+01 2.000000000000000000e+00 0.000000000000000000e+00
2.000000000000000000e+00 9.445000000000000000e+03 4.540000000000000000e+02 7.100000000000000000e+01 1.900000000000000000e+01 1.100000000000000000e+01
3.000000000000000000e+00 8.333000000000000000e+03 1.321000000000000000e+03 2.650000000000000000e+02 6.100000000000000000e+01 2.000000000000000000e+01
4.000000000000000000e+00 6.599000000000000000e+03 2.297000000000000000e+03 8.390000000000000000e+02 1.940000000000000000e+02 7.100000000000000000e+01
5.000000000000000000e+00 4.627000000000000000e+03 2.847000000000000000e+03 1.812000000000000000e+03 4.590000000000000000e+02 2.550000000000000000e+02
6.000000000000000000e+00 2.990000000000000000e+03 2.690000000000000000e+03 2.750000000000000000e+03 8.730000000000000000e+02 6.970000000000000000e+02
7.000000000000000000e+00 1.973000000000000000e+03 2.004000000000000000e+03 3.232000000000000000e+03 1.446000000000000000e+03 1.345000000000000000e+03
8.000000000000000000e+00 1.334000000000000000e+03 1.297000000000000000e+03 3.101000000000000000e+03 2.155000000000000000e+03 2.113000000000000000e+03
9.000000000000000000e+00 9.780000000000000000e+02 8.190000000000000000e+02 2.495000000000000000e+03 2.925000000000000000e+03 2.783000000000000000e+03
1.000000000000000000e+01 7.510000000000000000e+02 5.640000000000000000e+02 1.783000000000000000e+03 3.668000000000000000e+03 3.234000000000000000e+03
1.100000000000000000e+01 6.120000000000000000e+02 3.580000000000000000e+02 1.170000000000000000e+03 4.411000000000000000e+03 3.449000000000000000e+03
1.200000000000000000e+01 4.660000000000000000e+02 3.080000000000000000e+02 7.560000000000000000e+02 5.138000000000000000e+03 3.332000000000000000e+03
1.300000000000000000e+01 3.660000000000000000e+02 2.480000000000000000e+02 5.560000000000000000e+02 5.773000000000000000e+03 3.057000000000000000e+03
1.400000000000000000e+01 2.970000000000000000e+02 2.020000000000000000e+02 3.840000000000000000e+02 6.357000000000000000e+03 2.760000000000000000e+03
1.500000000000000000e+01 2.560000000000000000e+02 1.420000000000000000e+02 2.950000000000000000e+02 6.925000000000000000e+03 2.382000000000000000e+03
1.600000000000000000e+01 2.110000000000000000e+02 1.130000000000000000e+02 2.180000000000000000e+02 7.431000000000000000e+03 2.027000000000000000e+03
1.700000000000000000e+01 1.850000000000000000e+02 8.900000000000000000e+01 1.630000000000000000e+02 7.865000000000000000e+03 1.698000000000000000e+03
1.800000000000000000e+01 1.750000000000000000e+02 5.700000000000000000e+01 1.240000000000000000e+02 8.226000000000000000e+03 1.418000000000000000e+03
1.900000000000000000e+01 1.570000000000000000e+02 5.100000000000000000e+01 7.900000000000000000e+01 8.538000000000000000e+03 1.175000000000000000e+03
2.000000000000000000e+01 1.470000000000000000e+02 3.500000000000000000e+01 7.600000000000000000e+01 8.790000000000000000e+03 9.520000000000000000e+02
2.100000000000000000e+01 1.440000000000000000e+02 2.700000000000000000e+01 5.600000000000000000e+01 9.009000000000000000e+03 7.640000000000000000e+02
2.200000000000000000e+01 1.410000000000000000e+02 2.200000000000000000e+01 4.200000000000000000e+01 9.198000000000000000e+03 5.970000000000000000e+02
2.300000000000000000e+01 1.370000000000000000e+02 2.000000000000000000e+01 3.100000000000000000e+01 9.342000000000000000e+03 4.700000000000000000e+02
2.400000000000000000e+01 1.340000000000000000e+02 1.500000000000000000e+01 2.900000000000000000e+01 9.446000000000000000e+03 3.760000000000000000e+02
2.500000000000000000e+01 1.330000000000000000e+02 1.300000000000000000e+01 2.500000000000000000e+01 9.513000000000000000e+03 3.160000000000000000e+02
2.600000000000000000e+01 1.310000000000000000e+02 7.000000000000000000e+00 2.600000000000000000e+01 9.596000000000000000e+03 2.400000000000000000e+02
2.700000000000000000e+01 1.290000000000000000e+02 7.000000000000000000e+00 2.100000000000000000e+01 9.643000000000000000e+03 2.000000000000000000e+02
2.800000000000000000e+01 1.280000000000000000e+02 6.000000000000000000e+00 2.000000000000000000e+01 9.683000000000000000e+03 1.630000000000000000e+02
2.900000000000000000e+01 1.280000000000000000e+02 5.000000000000000000e+00 1.800000000000000000e+01 9.716000000000000000e+03 1.330000000000000000e+02
3.000000000000000000e+01 1.270000000000000000e+02 5.000000000000000000e+00 1.100000000000000000e+01 9.748000000000000000e+03 1.090000000000000000e+02
3.100000000000000000e+01 1.270000000000000000e+02 2.000000000000000000e+00 1.200000000000000000e+01 9.767000000000000000e+03 9.200000000000000000e+01
3.200000000000000000e+01 1.270000000000000000e+02 1.000000000000000000e+00 1.200000000000000000e+01 9.784000000000000000e+03 7.600000000000000000e+01
3.300000000000000000e+01 1.270000000000000000e+02 1.000000000000000000e+00 7.000000000000000000e+00 9.804000000000000000e+03 6.100000000000000000e+01
3.400000000000000000e+01 1.270000000000000000e+02 0.000000000000000000e+00 5.000000000000000000e+00 9.816000000000000000e+03 5.200000000000000000e+01
3.500000000000000000e+01 1.270000000000000000e+02 0.000000000000000000e+00 4.000000000000000000e+00 9.827000000000000000e+03 4.200000000000000000e+01
3.600000000000000000e+01 1.270000000000000000e+02 0.000000000000000000e+00 3.000000000000000000e+00 9.835000000000000000e+03 3.500000000000000000e+01
3.700000000000000000e+01 1.270000000000000000e+02 0.000000000000000000e+00 1.000000000000000000e+00 9.844000000000000000e+03 2.800000000000000000e+01
3.800000000000000000e+01 1.270000000000000000e+02 0.000000000000000000e+00 1.000000000000000000e+00 9.848000000000000000e+03 2.400000000000000000e+01
3.900000000000000000e+01 1.270000000000000000e+02 0.000000000000000000e+00 1.000000000000000000e+00 9.852000000000000000e+03 2.000000000000000000e+01
4.000000000000000000e+01 1.270000000000000000e+02 0.000000000000000000e+00 1.000000000000000000e+00 9.855000000000000000e+03 1.700000000000000000e+01
4.100000000000000000e+01 1.270000000000000000e+02 0.000000000000000000e+00 0.000000000000000000e+00 9.858000000000000000e+03 1.500000000000000000e+01
4.200000000000000000e+01 1.270000000000000000e+02 0.000000000000000000e+00 0.000000000000000000e+00 9.859000000000000000e+03 1.400000000000000000e+01
4.300000000000000000e+01 1.270000000000000000e+02 0.000000000000000000e+00 0.000000000000000000e+00 9.861000000000000000e+03 1.200000000000000000e+01
4.400000000000000000e+01 1.270000000000000000e+02 0.000000000000000000e+00 0.000000000000000000e+00 9.864000000000000000e+03 9.000000000000000000e+00
4.500000000000000000e+01 1.270000000000000000e+02 0.000000000000000000e+00 0.000000000000000000e+00 9.866000000000000000e+03 7.000000000000000000e+00
4.600000000000000000e+01 1.270000000000000000e+02 0.000000000000000000e+00 0.000000000000000000e+00 9.866000000000000000e+03 7.000000000000000000e+00
4.700000000000000000e+01 1.270000000000000000e+02 0.000000000000000000e+00 0.000000000000000000e+00 9.869000000000000000e+03 4.000000000000000000e+00
4.800000000000000000e+01 1.270000000000000000e+02 0.000000000000000000e+00 0.000000000000000000e+00 9.871000000000000000e+03 2.000000000000000000e+00
4.900000000000000000e+01 1.270000000000000000e+02 0.000000000000000000e+00 0.000000000000000000e+00 9.871000000000000000e+03 2.000000000000000000e+00
5.000000000000000000e+01 1.270000000000000000e+02 0.000000000000000000e+00 0.000000000000000000e+00 9.871000000000000000e+03 2.000000000000000000e+00
5.100000000000000000e+01 1.270000000000000000e+02 0.000000000000000000e+00 0.000000000000000000e+00 9.871000000000000000e+03 2.000000000000000000e+00
5.200000000000000000e+01 1.270000000000000000e+02 0.000000000000000000e+00 0.000000000000000000e+00 9.871000000000000000e+03 2.000000000000000000e+00
5.300000000000000000e+01 1.270000000000000000e+02 0.000000000000000000e+00 0.000000000000000000e+00 9.872000000000000000e+03 1.000000000000000000e+00
5.400000000000000000e+01 1.270000000000000000e+02 0.000000000000000000e+00 0.000000000000000000e+00 9.872000000000000000e+03 1.000000000000000000e+00
5.500000000000000000e+01 1.270000000000000000e+02 0.000000000000000000e+00 0.000000000000000000e+00 9.872000000000000000e+03 1.000000000000000000e+00
5.600000000000000000e+01 1.270000000000000000e+02 0.000000000000000000e+00 0.000000000000000000e+00 9.872000000000000000e+03 1.000000000000000000e+00
5.700000000000000000e+01 1.270000000000000000e+02 0.000000000000000000e+00 0.000000000000000000e+00 9.872000000000000000e+03 1.000000000000000000e+00
5.800000000000000000e+01 1.270000000000000000e+02 0.000000000000000000e+00 0.000000000000000000e+00 9.872000000000000000e+03 1.000000000000000000e+00
5.900000000000000000e+01 1.270000000000000000e+02 0.000000000000000000e+00 0.000000000000000000e+00 9.872000000000000000e+03 1.000000000000000000e+00
6.000000000000000000e+01 1.270000000000000000e+02 0.000000000000000000e+00 0.000000000000000000e+00 9.872000000000000000e+03 1.000000000000000000e+00
6.100000000000000000e+01 1.270000000000000000e+02 0.000000000000000000e+00 0.000000000000000000e+00 9.872000000000000000e+03 1.000000000000000000e+00
6.200000000000000000e+01 1.270000000000000000e+02 0.000000000000000000e+00 0.000000000000000000e+00 9.872000000000000000e+03 1.000000000000000000e+00
6.300000000000000000e+01 1.270000000000000000e+02 0.000000000000000000e+00 0.000000000000000000e+00 9.872000000000000000e+03 1.000000000000000000e+00
6.400000000000000000e+01 1.270000000000000000e+02 0.000000000000000000e+00 0.000000000000000000e+00 9.873000000000000000e+03 0.000000000000000000e+00
6.500000000000000000e+01 1.270000000000000000e+02 0.000000000000000000e+00 0.000000000000000000e+00 9.873000000000000000e+03 0.000000000000000000e+00
6.600000000000000000e+01 1.270000000000000000e+02 0.000000000000000000e+00 0.000000000000000000e+00 9.873000000000000000e+03 0.000000000000000000e+00
6.700000000000000000e+01 1.270000000000000000e+02 0.000000000000000000e+00 0.000000000000000000e+00 9.873000000000000000e+03 0.000000000000000000e+00
6.800000000000000000e+01 1.270000000000000000e+02 0.000000000000000000e+00 0.000000000000000000e+00 9.873000000000000000e+03 0.000000000000000000e+00
6.900000000000000000e+01 1.270000000000000000e+02 0.000000000000000000e+00 0.000000000000000000e+00 9.873000000000000000e+03 0.000000000000000000e+00
7.000000000000000000e+01 1.270000000000000000e+02 0.000000000000000000e+00 0.000000000000000000e+00 9.873000000000000000e+03 0.000000000000000000e+00
7.100000000000000000e+01 1.270000000000000000e+02 0.000000000000000000e+00 0.000000000000000000e+00 9.873000000000000000e+03 0.000000000000000000e+00
7.200000000000000000e+01 1.270000000000000000e+02 0.000000000000000000e+00 0.000000000000000000e+00 9.873000000000000000e+03 0.000000000000000000e+00
7.300000000000000000e+01 1.270000000000000000e+02 0.000000000000000000e+00 0.000000000000000000e+00 9.873000000000000000e+03 0.000000000000000000e+00
7.400000000000000000e+01 1.270000000000000000e+02 0.000000000000000000e+00 0.000000000000000000e+00 9.873000000000000000e+03 0.000000000000000000e+00
7.500000000000000000e+01 1.270000000000000000e+02 0.000000000000000000e+00 0.000000000000000000e+00 9.873000000000000000e+03 0.000000000000000000e+00
7.600000000000000000e+01 1.270000000000000000e+02 0.000000000000000000e+00 0.000000000000000000e+00 9.873000000000000000e+03 0.000000000000000000e+00
7.700000000000000000e+01 1.270000000000000000e+02 0.000000000000000000e+00 0.000000000000000000e+00 9.873000000000000000e+03 0.000000000000000000e+00
7.800000000000000000e+01 1.270000000000000000e+02 0.000000000000000000e+00 0.000000000000000000e+00 9.873000000000000000e+03 0.000000000000000000e+00
7.900000000000000000e+01 1.270000000000000000e+02 0.000000000000000000e+00 0.000000000000000000e+00 9.873000000000000000e+03 0.000000000000000000e+00
8.000000000000000000e+01 1.270000000000000000e+02 0.000000000000000000e+00 0.000000000000000000e+00 9.873000000000000000e+03 0.000000000000000000e+00
8.100000000000000000e+01 1.270000000000000000e+02 0.000000000000000000e+00 0.000000000000000000e+00 9.873000000000000000e+03 0.000000000000000000e+00
8.200000000000000000e+01 1.270000000000000000e+02 0.000000000000000000e+00 0.000000000000000000e+00 9.873000000000000000e+03 0.000000000000000000e+00
8.300000000000000000e+01 1.270000000000000000e+02 0.000000000000000000e+00 0.000000000000000000e+00 9.873000000000000000e+03 0.000000000000000000e+00
8.400000000000000000e+01 1.270000000000000000e+02 0.000000000000000000e+00 0.000000000000000000e+00 9.873000000000000000e+03 0.000000000000000000e+00
8.500000000000000000e+01 1.270000000000000000e+02 0.000000000000000000e+00 0.000000000000000000e+00 9.873000000000000000e+03 0.000000000000000000e+00
8.600000000000000000e+01 1.270000000000000000e+02 0.000000000000000000e+00 0.000000000000000000e+00 9.873000000000000000e+03 0.000000000000000000e+00
8.700000000000000000e+01 1.270000000000000000e+02 0.000000000000000000e+00 0.000000000000000000e+00 9.873000000000000000e+03 0.000000000000000000e+00
8.800000000000000000e+01 1.270000000000000000e+02 0.000000000000000000e+00 0.000000000000000000e+00 9.873000000000000000e+03 0.000000000000000000e+00
8.900000000000000000e+01 1.270000000000000000e+02 0.000000000000000000e+00 0.000000000000000000e+00 9.873000000000000000e+03 0.000000000000000000e+00
9.000000000000000000e+01 1.270000000000000000e+02 0.000000000000000000e+00 0.000000000000000000e+00 9.873000000000000000e+03 0.000000000000000000e+00
9.100000000000000000e+01 1.270000000000000000e+02 0.000000000000000000e+00 0.000000000000000000e+00 9.873000000000000000e+03 0.000000000000000000e+00
9.200000000000000000e+01 1.270000000000000000e+02 0.000000000000000000e+00 0.000000000000000000e+00 9.873000000000000000e+03 0.000000000000000000e+00
9.300000000000000000e+01 1.270000000000000000e+02 0.000000000000000000e+00 0.000000000000000000e+00 9.873000000000000000e+03 0.000000000000000000e+00
9.400000000000000000e+01 1.270000000000000000e+02 0.000000000000000000e+00 0.000000000000000000e+00 9.873000000000000000e+03 0.000000000000000000e+00
9.500000000000000000e+01 1.270000000000000000e+02 0.000000000000000000e+00 0.000000000000000000e+00 9.873000000000000000e+03 0.000000000000000000e+00
9.600000000000000000e+01 1.270000000000000000e+02 0.000000000000000000e+00 0.000000000000000000e+00 9.873000000000000000e+03 0.000000000000000000e+00
9.700000000000000000e+01 1.270000000000000000e+02 0.000000000000000000e+00 0.000000000000000000e+00 9.873000000000000000e+03 0.000000000000000000e+00
9.800000000000000000e+01 1.270000000000000000e+02 0.000000000000000000e+00 0.000000000000000000e+00 9.873000000000000000e+03 0.000000000000000000e+00
9.900000000000000000e+01 1.270000000000000000e+02 0.000000000000000000e+00 0.000000000000000000e+00 9.873000000000000000e+03 0.000000000000000000e+00
1.000000000000000000e+02 1.270000000000000000e+02 0.000000000000000000e+00 0.000000000000000000e+00 9.873000000000000000e+03 0.000000000000000000e+00
