0.000000000000000000e+00 9.990000000000000000e+03 1.000000000000000000e+01 0.000000000000000000e+00 0.000000000000000000e+00 0.000000000000000000e+00
9.999999999999999167e-02 9.989600000000000364e+03 9.800000000000000711e+00 5.999999999999999778e-01 0.000000000000000000e+00 0.000000000000000000e+00
1.999999999999999833e-01 9.988600000000000364e+03 1.019999999999999929e+01 1.199999999999999956e+00 0.000000000000000000e+00 0.000000000000000000e+00
2.999999999999999889e-01 9.987600000000000364e+03 1.090000000000000036e+01 1.399999999999999911e+00 0.000000000000000000e+00 1.000000000000000056e-01
3.999999999999999667e-01 9.986600000000000364e+03 1.119999999999999929e+01 2.000000000000000000e+00 1.000000000000000056e-01 1.000000000000000056e-01
5.000000000000000000e-01 9.985299999999999272e+03 1.209999999999999964e+01 2.200000000000000178e+00 2.999999999999999889e-01 1.000000000000000056e-01
5.999999999999998668e-01 9.982799999999999272e+03 1.390000000000000036e+01 2.799999999999999822e+00 4.000000000000000222e-01 1.000000000000000056e-01
7.000000000000000666e-01 9.980500000000000000e+03 1.559999999999999964e+01 3.000000000000000000e+00 5.999999999999999778e-01 2.999999999999999889e-01
7.999999999999999334e-01 9.976000000000000000e+03 1.969999999999999929e+01 3.000000000000000000e+00 8.000000000000000444e-01 5.000000000000000000e-01
9.000000000000001332e-01 9.971200000000000728e+03 2.280000000000000071e+01 4.400000000000000355e+00 1.100000000000000089e+00 5.000000000000000000e-01
9.999999999999997780e-01 9.966100000000000364e+03 2.689999999999999858e+01 5.000000000000000000e+00 1.399999999999999911e+00 5.999999999999999778e-01
1.099999999999999867e+00 9.958200000000000728e+03 3.360000000000000142e+01 5.700000000000000178e+00 1.699999999999999956e+00 8.000000000000000444e-01
1.199999999999999734e+00 9.950000000000000000e+03 4.000000000000000000e+01 6.700000000000000178e+00 2.000000000000000000e+00 1.300000000000000044e+00
1.300000000000000266e+00 9.943000000000000000e+03 4.410000000000000142e+01 8.199999999999999289e+00 2.899999999999999911e+00 1.800000000000000044e+00
1.400000000000000133e+00 9.929200000000000728e+03 5.529999999999999716e+01 1.000000000000000000e+01 3.200000000000000178e+00 2.299999999999999822e+00
1.500000000000000222e+00 9.915200000000000728e+03 6.629999999999999716e+01 1.230000000000000071e+01 3.600000000000000089e+00 2.600000000000000089e+00
1.600000000000000089e+00 9.899500000000000000e+03 7.900000000000000000e+01 1.430000000000000071e+01 4.400000000000000355e+00 2.799999999999999822e+00
1.700000000000000622e+00 9.881100000000000364e+03 9.250000000000000000e+01 1.780000000000000071e+01 5.400000000000000355e+00 3.200000000000000178e+00
1.800000000000000266e+00 9.859899999999999636e+03 1.079000000000000057e+02 2.200000000000000000e+01 6.900000000000000355e+00 3.299999999999999822e+00
1.900000000000000799e+00 9.837200000000000728e+03 1.242999999999999972e+02 2.689999999999999858e+01 7.700000000000000178e+00 3.899999999999999911e+00
2.000000000000000444e+00 9.810700000000000728e+03 1.435999999999999943e+02 3.119999999999999929e+01 9.800000000000000711e+00 4.700000000000000178e+00
2.100000000000000977e+00 9.784100000000000364e+03 1.614000000000000057e+02 3.660000000000000142e+01 1.209999999999999964e+01 5.799999999999999822e+00
2.200000000000000178e+00 9.755100000000000364e+03 1.808000000000000114e+02 4.320000000000000284e+01 1.430000000000000071e+01 6.599999999999999645e+00
2.300000000000000711e+00 9.725899999999999636e+03 1.996999999999999886e+02 5.160000000000000142e+01 1.559999999999999964e+01 7.200000000000000178e+00
2.400000000000001243e+00 9.690000000000000000e+03 2.240000000000000000e+02 5.939999999999999858e+01 1.819999999999999929e+01 8.400000000000000355e+00
2.500000000000000444e+00 9.651100000000000364e+03 2.494000000000000057e+02 6.820000000000000284e+01 2.150000000000000000e+01 9.800000000000000711e+00
2.600000000000000977e+00 9.612399999999999636e+03 2.750000000000000000e+02 7.709999999999999432e+01 2.389999999999999858e+01 1.159999999999999964e+01
2.700000000000001510e+00 9.568299999999999272e+03 3.040000000000000000e+02 8.820000000000000284e+01 2.730000000000000071e+01 1.219999999999999929e+01
2.800000000000001155e+00 9.519200000000000728e+03 3.336999999999999886e+02 1.025999999999999943e+02 3.060000000000000142e+01 1.390000000000000036e+01
2.900000000000001688e+00 9.462299999999999272e+03 3.698999999999999773e+02 1.154000000000000057e+02 3.539999999999999858e+01 1.700000000000000000e+01
3.000000000000000888e+00 9.397200000000000728e+03 4.141999999999999886e+02 1.296999999999999886e+02 3.979999999999999716e+01 1.910000000000000142e+01
3.100000000000001421e+00 9.323000000000000000e+03 4.651999999999999886e+02 1.453000000000000114e+02 4.500000000000000000e+01 2.150000000000000000e+01
3.200000000000001954e+00 9.241000000000000000e+03 5.222000000000000455e+02 1.610999999999999943e+02 5.010000000000000142e+01 2.560000000000000142e+01
3.300000000000001599e+00 9.151399999999999636e+03 5.792999999999999545e+02 1.820999999999999943e+02 5.710000000000000142e+01 3.010000000000000142e+01
3.400000000000001243e+00 9.052399999999999636e+03 6.430000000000000000e+02 2.050999999999999943e+02 6.600000000000000000e+01 3.350000000000000000e+01
3.500000000000000888e+00 8.949299999999999272e+03 7.052999999999999545e+02 2.308000000000000114e+02 7.520000000000000284e+01 3.939999999999999858e+01
3.600000000000002309e+00 8.833600000000000364e+03 7.806000000000000227e+02 2.566999999999999886e+02 8.420000000000000284e+01 4.489999999999999858e+01
3.700000000000001954e+00 8.708700000000000728e+03 8.555000000000000000e+02 2.910000000000000000e+02 9.450000000000000000e+01 5.029999999999999716e+01
3.800000000000002043e+00 8.571799999999999272e+03 9.405000000000000000e+02 3.228999999999999773e+02 1.079000000000000057e+02 5.689999999999999858e+01
3.900000000000003020e+00 8.423200000000000728e+03 1.034000000000000000e+03 3.586000000000000227e+02 1.207999999999999972e+02 6.339999999999999858e+01
4.000000000000000888e+00 8.261500000000000000e+03 1.133400000000000091e+03 3.995000000000000000e+02 1.355000000000000000e+02 7.009999999999999432e+01
4.100000000000001421e+00 8.085300000000000182e+03 1.244200000000000045e+03 4.426000000000000227e+02 1.495000000000000000e+02 7.840000000000000568e+01
4.200000000000001954e+00 7.909600000000000364e+03 1.346900000000000091e+03 4.860000000000000000e+02 1.689000000000000057e+02 8.859999999999999432e+01
4.299999999999999822e+00 7.719699999999999818e+03 1.458000000000000000e+03 5.371000000000000227e+02 1.875000000000000000e+02 9.770000000000000284e+01
4.399999999999999467e+00 7.518500000000000000e+03 1.569900000000000091e+03 5.923999999999999773e+02 2.105999999999999943e+02 1.085999999999999943e+02
4.500000000000000000e+00 7.303500000000000000e+03 1.692299999999999955e+03 6.502000000000000455e+02 2.316999999999999886e+02 1.222999999999999972e+02
4.600000000000000533e+00 7.066000000000000000e+03 1.833400000000000091e+03 7.067999999999999545e+02 2.571999999999999886e+02 1.365999999999999943e+02
4.700000000000000178e+00 6.819800000000000182e+03 1.969200000000000045e+03 7.730000000000000000e+02 2.856000000000000227e+02 1.524000000000000057e+02
4.799999999999998046e+00 6.573100000000000364e+03 2.093699999999999818e+03 8.481000000000000227e+02 3.165000000000000000e+02 1.685999999999999943e+02
4.899999999999998579e+00 6.311699999999999818e+03 2.227699999999999818e+03 9.202999999999999545e+02 3.493000000000000114e+02 1.910000000000000000e+02
4.999999999999999112e+00 6.053600000000000364e+03 2.350300000000000182e+03 9.995000000000000000e+02 3.838999999999999773e+02 2.126999999999999886e+02
5.099999999999996980e+00 5.781600000000000364e+03 2.483800000000000182e+03 1.081299999999999955e+03 4.173000000000000114e+02 2.360000000000000000e+02
5.199999999999996625e+00 5.491699999999999818e+03 2.630099999999999909e+03 1.167799999999999955e+03 4.520000000000000000e+02 2.583999999999999773e+02
5.299999999999997158e+00 5.205399999999999636e+03 2.760800000000000182e+03 1.259500000000000000e+03 4.885000000000000000e+02 2.858000000000000114e+02
5.399999999999997691e+00 4.928500000000000000e+03 2.871400000000000091e+03 1.352500000000000000e+03 5.291000000000000227e+02 3.185000000000000000e+02
5.499999999999997335e+00 4.644899999999999636e+03 2.978300000000000182e+03 1.453500000000000000e+03 5.736000000000000227e+02 3.496999999999999886e+02
5.599999999999995204e+00 4.373500000000000000e+03 3.070400000000000091e+03 1.555799999999999955e+03 6.183999999999999773e+02 3.818999999999999773e+02
5.699999999999995737e+00 4.106600000000000364e+03 3.141800000000000182e+03 1.666500000000000000e+03 6.722000000000000455e+02 4.128999999999999773e+02
5.799999999999996270e+00 3.843900000000000091e+03 3.205099999999999909e+03 1.775799999999999955e+03 7.265000000000000000e+02 4.486999999999999886e+02
5.899999999999994138e+00 3.590000000000000000e+03 3.265099999999999909e+03 1.874700000000000045e+03 7.820000000000000000e+02 4.881999999999999886e+02
5.999999999999993783e+00 3.344900000000000091e+03 3.319500000000000000e+03 1.969500000000000000e+03 8.385000000000000000e+02 5.276000000000000227e+02
6.099999999999994316e+00 3.107199999999999818e+03 3.367500000000000000e+03 2.059400000000000091e+03 8.968999999999999773e+02 5.690000000000000000e+02
6.199999999999994849e+00 2.884300000000000182e+03 3.381699999999999818e+03 2.159800000000000182e+03 9.562999999999999545e+02 6.178999999999999773e+02
6.299999999999994493e+00 2.677099999999999909e+03 3.383699999999999818e+03 2.257500000000000000e+03 1.018200000000000045e+03 6.635000000000000000e+02
6.399999999999992362e+00 2.477900000000000091e+03 3.377500000000000000e+03 2.350199999999999818e+03 1.081500000000000000e+03 7.128999999999999773e+02
6.499999999999992895e+00 2.280900000000000091e+03 3.370000000000000000e+03 2.442599999999999909e+03 1.141400000000000091e+03 7.651000000000000227e+02
6.599999999999992539e+00 2.097800000000000182e+03 3.345199999999999818e+03 2.525199999999999818e+03 1.211700000000000045e+03 8.201000000000000227e+02
6.699999999999990408e+00 1.924900000000000091e+03 3.317400000000000091e+03 2.608500000000000000e+03 1.277599999999999909e+03 8.716000000000000227e+02
6.799999999999991829e+00 1.773500000000000000e+03 3.263599999999999909e+03 2.687900000000000091e+03 1.346099999999999909e+03 9.288999999999999773e+02
6.899999999999991473e+00 1.631500000000000000e+03 3.202000000000000000e+03 2.762800000000000182e+03 1.411099999999999909e+03 9.926000000000000227e+02
6.999999999999991118e+00 1.507000000000000000e+03 3.120099999999999909e+03 2.831699999999999818e+03 1.484599999999999909e+03 1.056599999999999909e+03
7.099999999999992539e+00 1.385200000000000045e+03 3.051599999999999909e+03 2.887500000000000000e+03 1.557200000000000045e+03 1.118500000000000000e+03
7.199999999999990408e+00 1.273400000000000091e+03 2.976000000000000000e+03 2.941000000000000000e+03 1.631700000000000045e+03 1.177900000000000091e+03
7.299999999999988276e+00 1.170299999999999955e+03 2.898699999999999818e+03 2.992500000000000000e+03 1.703599999999999909e+03 1.234900000000000091e+03
7.399999999999989697e+00 1.077799999999999955e+03 2.815199999999999818e+03 3.036300000000000182e+03 1.775799999999999955e+03 1.294900000000000091e+03
7.499999999999987566e+00 9.925000000000000000e+02 2.730800000000000182e+03 3.067599999999999909e+03 1.850200000000000045e+03 1.358900000000000091e+03
7.599999999999988987e+00 9.143999999999999773e+02 2.638199999999999818e+03 3.105199999999999818e+03 1.918099999999999909e+03 1.424099999999999909e+03
7.699999999999988631e+00 8.412000000000000455e+02 2.549900000000000091e+03 3.135300000000000182e+03 1.988900000000000091e+03 1.484700000000000045e+03
7.799999999999988276e+00 7.768999999999999773e+02 2.452500000000000000e+03 3.157800000000000182e+03 2.057300000000000182e+03 1.555500000000000000e+03
7.899999999999989697e+00 7.156000000000000227e+02 2.362099999999999909e+03 3.174400000000000091e+03 2.129000000000000000e+03 1.618900000000000091e+03
7.999999999999987566e+00 6.613999999999999773e+02 2.270099999999999909e+03 3.183800000000000182e+03 2.201900000000000091e+03 1.682799999999999955e+03
8.099999999999988987e+00 6.143999999999999773e+02 2.168099999999999909e+03 3.197900000000000091e+03 2.276000000000000000e+03 1.743599999999999909e+03
8.199999999999986855e+00 5.722000000000000455e+02 2.070400000000000091e+03 3.207300000000000182e+03 2.347599999999999909e+03 1.802500000000000000e+03
8.299999999999984723e+00 5.355000000000000000e+02 1.969799999999999955e+03 3.208199999999999818e+03 2.419699999999999818e+03 1.866799999999999955e+03
8.399999999999987921e+00 4.961000000000000227e+02 1.886700000000000045e+03 3.198300000000000182e+03 2.491400000000000091e+03 1.927500000000000000e+03
8.499999999999985789e+00 4.626000000000000227e+02 1.795099999999999909e+03 3.196500000000000000e+03 2.559900000000000091e+03 1.985900000000000091e+03
8.599999999999983658e+00 4.295000000000000000e+02 1.718900000000000091e+03 3.178099999999999909e+03 2.632400000000000091e+03 2.041099999999999909e+03
8.699999999999986855e+00 4.016000000000000227e+02 1.639200000000000045e+03 3.151500000000000000e+03 2.703800000000000182e+03 2.103900000000000091e+03
8.799999999999984723e+00 3.726999999999999886e+02 1.566400000000000091e+03 3.125900000000000091e+03 2.772500000000000000e+03 2.162500000000000000e+03
8.899999999999982592e+00 3.471000000000000227e+02 1.486700000000000045e+03 3.102000000000000000e+03 2.844900000000000091e+03 2.219300000000000182e+03
8.999999999999984013e+00 3.233999999999999773e+02 1.416500000000000000e+03 3.068300000000000182e+03 2.915099999999999909e+03 2.276699999999999818e+03
9.099999999999981881e+00 3.011999999999999886e+02 1.345500000000000000e+03 3.038300000000000182e+03 2.985000000000000000e+03 2.330000000000000000e+03
9.199999999999985079e+00 2.821999999999999886e+02 1.276700000000000045e+03 3.007300000000000182e+03 3.052099999999999909e+03 2.381699999999999818e+03
9.299999999999982947e+00 2.661000000000000227e+02 1.207799999999999955e+03 2.973699999999999818e+03 3.119500000000000000e+03 2.432900000000000091e+03
9.399999999999980815e+00 2.485999999999999943e+02 1.145099999999999909e+03 2.940099999999999909e+03 3.183800000000000182e+03 2.482400000000000091e+03
9.499999999999984013e+00 2.333000000000000114e+02 1.083099999999999909e+03 2.898199999999999818e+03 3.249800000000000182e+03 2.535599999999999909e+03
9.599999999999981881e+00 2.181999999999999886e+02 1.027599999999999909e+03 2.855099999999999909e+03 3.313699999999999818e+03 2.585400000000000091e+03
9.699999999999983302e+00 2.055000000000000000e+02 9.702000000000000455e+02 2.811900000000000091e+03 3.379400000000000091e+03 2.633000000000000000e+03
9.799999999999981171e+00 1.926999999999999886e+02 9.257999999999999545e+02 2.760599999999999909e+03 3.440099999999999909e+03 2.680800000000000182e+03
9.899999999999979039e+00 1.795000000000000000e+02 8.818999999999999773e+02 2.708699999999999818e+03 3.506699999999999818e+03 2.723199999999999818e+03
9.999999999999982236e+00 1.706999999999999886e+02 8.322000000000000455e+02 2.666900000000000091e+03 3.568699999999999818e+03 2.761500000000000000e+03
1.009999999999998010e+01 1.608000000000000114e+02 7.876000000000000227e+02 2.620099999999999909e+03 3.626300000000000182e+03 2.805199999999999818e+03
1.019999999999997797e+01 1.528000000000000114e+02 7.453999999999999773e+02 2.572800000000000182e+03 3.688199999999999818e+03 2.840800000000000182e+03
1.029999999999998117e+01 1.443000000000000114e+02 7.061000000000000227e+02 2.523500000000000000e+03 3.751099999999999909e+03 2.875000000000000000e+03
1.039999999999997904e+01 1.376999999999999886e+02 6.655000000000000000e+02 2.472699999999999818e+03 3.811500000000000000e+03 2.912599999999999909e+03
1.049999999999997691e+01 1.310000000000000000e+02 6.278999999999999773e+02 2.421900000000000091e+03 3.875400000000000091e+03 2.943800000000000182e+03
1.059999999999997833e+01 1.244000000000000057e+02 5.913999999999999773e+02 2.372000000000000000e+03 3.937199999999999818e+03 2.975000000000000000e+03
1.069999999999997620e+01 1.179000000000000057e+02 5.587999999999999545e+02 2.325599999999999909e+03 3.994800000000000182e+03 3.002900000000000091e+03
1.079999999999997939e+01 1.117999999999999972e+02 5.288999999999999773e+02 2.276500000000000000e+03 4.054300000000000182e+03 3.028500000000000000e+03
1.089999999999997726e+01 1.054000000000000057e+02 4.971000000000000227e+02 2.225199999999999818e+03 4.117500000000000000e+03 3.054800000000000182e+03
1.099999999999997513e+01 1.014000000000000057e+02 4.693999999999999773e+02 2.173300000000000182e+03 4.176199999999999818e+03 3.079699999999999818e+03
1.109999999999997833e+01 9.590000000000000568e+01 4.438000000000000114e+02 2.124800000000000182e+03 4.233399999999999636e+03 3.102099999999999909e+03
1.119999999999997620e+01 9.159999999999999432e+01 4.185000000000000000e+02 2.071500000000000000e+03 4.296000000000000000e+03 3.122400000000000091e+03
1.129999999999997762e+01 8.700000000000000000e+01 3.938000000000000114e+02 2.019099999999999909e+03 4.356399999999999636e+03 3.143699999999999818e+03
1.139999999999997549e+01 8.320000000000000284e+01 3.698000000000000114e+02 1.968900000000000091e+03 4.411500000000000000e+03 3.166599999999999909e+03
1.149999999999997335e+01 8.029999999999999716e+01 3.500000000000000000e+02 1.918500000000000000e+03 4.468699999999999818e+03 3.182500000000000000e+03
1.159999999999997655e+01 7.800000000000000000e+01 3.283999999999999773e+02 1.868900000000000091e+03 4.530699999999999818e+03 3.194000000000000000e+03
1.169999999999997442e+01 7.579999999999999716e+01 3.101999999999999886e+02 1.814099999999999909e+03 4.586199999999999818e+03 3.213699999999999818e+03
1.179999999999997229e+01 7.290000000000000568e+01 2.941999999999999886e+02 1.760900000000000091e+03 4.643899999999999636e+03 3.228099999999999909e+03
1.189999999999997549e+01 6.970000000000000284e+01 2.781999999999999886e+02 1.714400000000000091e+03 4.697699999999999818e+03 3.240000000000000000e+03
1.199999999999997335e+01 6.729999999999999716e+01 2.586000000000000227e+02 1.668900000000000091e+03 4.752699999999999818e+03 3.252500000000000000e+03
1.209999999999997122e+01 6.450000000000000000e+01 2.436999999999999886e+02 1.620299999999999955e+03 4.807100000000000364e+03 3.264400000000000091e+03
1.219999999999997264e+01 6.260000000000000142e+01 2.305999999999999943e+02 1.575599999999999909e+03 4.854899999999999636e+03 3.276300000000000182e+03
1.229999999999997051e+01 6.039999999999999858e+01 2.190999999999999943e+02 1.529599999999999909e+03 4.902100000000000364e+03 3.288800000000000182e+03
1.239999999999997371e+01 5.870000000000000284e+01 2.069000000000000057e+02 1.485400000000000091e+03 4.952100000000000364e+03 3.296900000000000091e+03
1.249999999999997158e+01 5.629999999999999716e+01 1.980000000000000000e+02 1.439900000000000091e+03 5.002800000000000182e+03 3.303000000000000000e+03
1.259999999999996945e+01 5.489999999999999858e+01 1.869000000000000057e+02 1.397799999999999955e+03 5.053899999999999636e+03 3.306500000000000000e+03
1.269999999999997264e+01 5.300000000000000000e+01 1.760999999999999943e+02 1.357599999999999909e+03 5.102899999999999636e+03 3.310400000000000091e+03
1.279999999999997051e+01 5.089999999999999858e+01 1.675000000000000000e+02 1.319200000000000045e+03 5.154399999999999636e+03 3.308000000000000000e+03
1.289999999999997371e+01 4.889999999999999858e+01 1.576999999999999886e+02 1.277500000000000000e+03 5.203699999999999818e+03 3.312199999999999818e+03
1.299999999999996803e+01 4.750000000000000000e+01 1.500000000000000000e+02 1.241400000000000091e+03 5.253699999999999818e+03 3.307400000000000091e+03
1.309999999999996945e+01 4.629999999999999716e+01 1.430999999999999943e+02 1.198500000000000000e+03 5.301600000000000364e+03 3.310500000000000000e+03
1.319999999999997087e+01 4.489999999999999858e+01 1.350999999999999943e+02 1.163400000000000091e+03 5.349100000000000364e+03 3.307500000000000000e+03
1.329999999999996874e+01 4.360000000000000142e+01 1.294000000000000057e+02 1.124500000000000000e+03 5.394600000000000364e+03 3.307900000000000091e+03
1.339999999999996660e+01 4.260000000000000142e+01 1.210000000000000000e+02 1.090599999999999909e+03 5.437100000000000364e+03 3.308699999999999818e+03
1.349999999999996803e+01 4.100000000000000000e+01 1.150999999999999943e+02 1.056400000000000091e+03 5.484600000000000364e+03 3.302900000000000091e+03
1.359999999999996945e+01 4.050000000000000000e+01 1.080999999999999943e+02 1.022200000000000045e+03 5.531300000000000182e+03 3.297900000000000091e+03
1.369999999999996376e+01 3.950000000000000000e+01 1.025999999999999943e+02 9.880000000000000000e+02 5.577800000000000182e+03 3.292099999999999909e+03
1.379999999999996518e+01 3.910000000000000142e+01 9.709999999999999432e+01 9.575000000000000000e+02 5.624199999999999818e+03 3.282099999999999909e+03
1.389999999999996660e+01 3.800000000000000000e+01 9.140000000000000568e+01 9.242000000000000455e+02 5.670699999999999818e+03 3.275699999999999818e+03
1.399999999999996803e+01 3.720000000000000284e+01 8.629999999999999716e+01 8.962000000000000455e+02 5.716699999999999818e+03 3.263599999999999909e+03
1.409999999999996589e+01 3.629999999999999716e+01 8.320000000000000284e+01 8.658999999999999773e+02 5.758800000000000182e+03 3.255800000000000182e+03
1.419999999999996376e+01 3.529999999999999716e+01 7.970000000000000284e+01 8.365000000000000000e+02 5.798500000000000000e+03 3.250000000000000000e+03
1.429999999999996518e+01 3.479999999999999716e+01 7.540000000000000568e+01 8.097000000000000455e+02 5.841300000000000182e+03 3.238800000000000182e+03
1.439999999999996660e+01 3.389999999999999858e+01 7.209999999999999432e+01 7.797000000000000455e+02 5.883800000000000182e+03 3.230500000000000000e+03
1.449999999999996803e+01 3.350000000000000000e+01 6.879999999999999716e+01 7.553999999999999773e+02 5.924199999999999818e+03 3.218099999999999909e+03
1.459999999999996234e+01 3.289999999999999858e+01 6.540000000000000568e+01 7.288999999999999773e+02 5.967199999999999818e+03 3.205599999999999909e+03
1.469999999999996376e+01 3.220000000000000284e+01 6.250000000000000000e+01 7.041000000000000227e+02 6.010000000000000000e+03 3.191199999999999818e+03
1.479999999999996341e+01 3.169999999999999929e+01 5.929999999999999716e+01 6.813999999999999773e+02 6.052100000000000364e+03 3.175500000000000000e+03
1.489999999999996660e+01 3.139999999999999858e+01 5.539999999999999858e+01 6.597999999999999545e+02 6.092800000000000182e+03 3.160599999999999909e+03
1.499999999999996270e+01 3.100000000000000000e+01 5.310000000000000142e+01 6.356000000000000227e+02 6.132699999999999818e+03 3.147599999999999909e+03
1.509999999999996234e+01 3.069999999999999929e+01 5.070000000000000284e+01 6.138999999999999773e+02 6.171699999999999818e+03 3.133000000000000000e+03
1.519999999999996376e+01 3.019999999999999929e+01 4.850000000000000000e+01 5.918999999999999773e+02 6.210199999999999818e+03 3.119199999999999818e+03
1.529999999999995808e+01 2.969999999999999929e+01 4.600000000000000000e+01 5.711000000000000227e+02 6.248500000000000000e+03 3.104699999999999818e+03
1.539999999999995950e+01 2.930000000000000071e+01 4.350000000000000000e+01 5.527000000000000455e+02 6.288199999999999818e+03 3.086300000000000182e+03
1.549999999999996092e+01 2.889999999999999858e+01 4.120000000000000284e+01 5.337000000000000455e+02 6.324199999999999818e+03 3.072000000000000000e+03
1.559999999999996234e+01 2.850000000000000000e+01 3.979999999999999716e+01 5.118000000000000114e+02 6.366100000000000364e+03 3.053800000000000182e+03
1.569999999999996021e+01 2.810000000000000142e+01 3.729999999999999716e+01 4.930000000000000000e+02 6.404300000000000182e+03 3.037300000000000182e+03
1.579999999999995808e+01 2.769999999999999929e+01 3.520000000000000284e+01 4.773000000000000114e+02 6.442100000000000364e+03 3.017699999999999818e+03
1.589999999999995950e+01 2.750000000000000000e+01 3.350000000000000000e+01 4.601999999999999886e+02 6.478100000000000364e+03 3.000699999999999818e+03
1.599999999999996092e+01 2.719999999999999929e+01 3.200000000000000000e+01 4.421000000000000227e+02 6.514300000000000182e+03 2.984400000000000091e+03
1.609999999999996234e+01 2.689999999999999858e+01 3.039999999999999858e+01 4.276999999999999886e+02 6.548300000000000182e+03 2.966699999999999818e+03
1.619999999999996021e+01 2.650000000000000000e+01 2.930000000000000071e+01 4.130000000000000000e+02 6.585699999999999818e+03 2.945500000000000000e+03
1.629999999999995808e+01 2.600000000000000000e+01 2.800000000000000000e+01 3.998000000000000114e+02 6.622100000000000364e+03 2.924099999999999909e+03
1.639999999999996660e+01 2.580000000000000071e+01 2.619999999999999929e+01 3.858999999999999773e+02 6.655000000000000000e+03 2.907099999999999909e+03
1.649999999999996803e+01 2.550000000000000000e+01 2.480000000000000071e+01 3.725000000000000000e+02 6.687199999999999818e+03 2.890000000000000000e+03
1.659999999999996589e+01 2.519999999999999929e+01 2.319999999999999929e+01 3.581999999999999886e+02 6.721899999999999636e+03 2.871500000000000000e+03
1.669999999999996376e+01 2.480000000000000071e+01 2.239999999999999858e+01 3.461000000000000227e+02 6.758100000000000364e+03 2.848599999999999909e+03
1.679999999999996518e+01 2.439999999999999858e+01 2.100000000000000000e+01 3.333999999999999773e+02 6.791399999999999636e+03 2.829800000000000182e+03
1.689999999999997371e+01 2.430000000000000071e+01 1.969999999999999929e+01 3.213999999999999773e+02 6.826600000000000364e+03 2.808000000000000000e+03
1.699999999999997158e+01 2.410000000000000142e+01 1.839999999999999858e+01 3.098999999999999773e+02 6.860500000000000000e+03 2.787099999999999909e+03
1.709999999999996945e+01 2.380000000000000071e+01 1.760000000000000142e+01 2.993999999999999773e+02 6.892600000000000364e+03 2.766599999999999909e+03
1.719999999999997797e+01 2.339999999999999858e+01 1.660000000000000142e+01 2.901000000000000227e+02 6.925600000000000364e+03 2.744300000000000182e+03
1.729999999999997939e+01 2.330000000000000071e+01 1.550000000000000000e+01 2.803000000000000114e+02 6.954500000000000000e+03 2.726400000000000091e+03
1.739999999999997726e+01 2.319999999999999929e+01 1.530000000000000071e+01 2.683000000000000114e+02 6.985699999999999818e+03 2.707500000000000000e+03
1.749999999999997513e+01 2.310000000000000142e+01 1.459999999999999964e+01 2.580000000000000000e+02 7.016899999999999636e+03 2.687400000000000091e+03
1.759999999999997655e+01 2.300000000000000000e+01 1.390000000000000036e+01 2.485000000000000000e+02 7.049000000000000000e+03 2.665599999999999909e+03
1.769999999999998508e+01 2.289999999999999858e+01 1.330000000000000071e+01 2.405000000000000000e+02 7.078000000000000000e+03 2.645300000000000182e+03
1.779999999999998295e+01 2.280000000000000071e+01 1.290000000000000036e+01 2.315000000000000000e+02 7.109600000000000364e+03 2.623199999999999818e+03
1.789999999999998082e+01 2.250000000000000000e+01 1.259999999999999964e+01 2.234000000000000057e+02 7.138300000000000182e+03 2.603199999999999818e+03
1.799999999999998934e+01 2.230000000000000071e+01 1.109999999999999964e+01 2.165000000000000000e+02 7.168100000000000364e+03 2.582000000000000000e+03
1.809999999999999076e+01 2.230000000000000071e+01 1.030000000000000071e+01 2.086999999999999886e+02 7.194800000000000182e+03 2.563900000000000091e+03
1.819999999999998863e+01 2.230000000000000071e+01 9.599999999999999645e+00 2.019000000000000057e+02 7.225800000000000182e+03 2.540400000000000091e+03
1.829999999999998650e+01 2.219999999999999929e+01 9.099999999999999645e+00 1.955000000000000000e+02 7.252000000000000000e+03 2.521199999999999818e+03
1.839999999999998792e+01 2.189999999999999858e+01 9.199999999999999289e+00 1.875999999999999943e+02 7.279399999999999636e+03 2.501900000000000091e+03
1.849999999999999645e+01 2.180000000000000071e+01 9.000000000000000000e+00 1.809000000000000057e+02 7.307100000000000364e+03 2.481199999999999818e+03
1.859999999999999432e+01 2.180000000000000071e+01 8.599999999999999645e+00 1.750000000000000000e+02 7.334899999999999636e+03 2.459699999999999818e+03
1.869999999999999218e+01 2.180000000000000071e+01 8.400000000000000355e+00 1.680000000000000000e+02 7.363500000000000000e+03 2.438300000000000182e+03
1.880000000000000071e+01 2.150000000000000000e+01 8.599999999999999645e+00 1.621999999999999886e+02 7.391899999999999636e+03 2.415800000000000182e+03
1.890000000000000213e+01 2.139999999999999858e+01 8.400000000000000355e+00 1.560999999999999943e+02 7.416800000000000182e+03 2.397300000000000182e+03
1.900000000000000000e+01 2.130000000000000071e+01 7.799999999999999822e+00 1.510999999999999943e+02 7.443000000000000000e+03 2.376800000000000182e+03
1.909999999999999787e+01 2.130000000000000071e+01 7.000000000000000000e+00 1.464000000000000057e+02 7.469600000000000364e+03 2.355699999999999818e+03
1.919999999999999929e+01 2.119999999999999929e+01 6.799999999999999822e+00 1.424000000000000057e+02 7.496100000000000364e+03 2.333500000000000000e+03
1.930000000000000782e+01 2.119999999999999929e+01 6.299999999999999822e+00 1.373000000000000114e+02 7.523699999999999818e+03 2.311500000000000000e+03
1.940000000000000568e+01 2.110000000000000142e+01 6.099999999999999645e+00 1.315000000000000000e+02 7.553500000000000000e+03 2.287800000000000182e+03
1.950000000000000355e+01 2.089999999999999858e+01 5.599999999999999645e+00 1.269000000000000057e+02 7.579100000000000364e+03 2.267500000000000000e+03
1.960000000000001208e+01 2.069999999999999929e+01 5.200000000000000178e+00 1.230999999999999943e+02 7.608000000000000000e+03 2.243000000000000000e+03
1.970000000000001350e+01 2.069999999999999929e+01 5.099999999999999645e+00 1.180999999999999943e+02 7.632199999999999818e+03 2.223900000000000091e+03
1.980000000000001137e+01 2.060000000000000142e+01 4.900000000000000355e+00 1.125000000000000000e+02 7.657000000000000000e+03 2.205000000000000000e+03
1.990000000000000924e+01 2.060000000000000142e+01 4.599999999999999645e+00 1.080000000000000000e+02 7.682300000000000182e+03 2.184500000000000000e+03
2.000000000000001066e+01 2.060000000000000142e+01 4.000000000000000000e+00 1.040000000000000000e+02 7.705800000000000182e+03 2.165599999999999909e+03
2.010000000000001918e+01 2.060000000000000142e+01 3.899999999999999911e+00 1.000999999999999943e+02 7.729000000000000000e+03 2.146400000000000091e+03
2.020000000000001705e+01 2.060000000000000142e+01 3.500000000000000000e+00 9.670000000000000284e+01 7.752600000000000364e+03 2.126599999999999909e+03
2.030000000000001492e+01 2.050000000000000000e+01 3.500000000000000000e+00 9.320000000000000284e+01 7.774899999999999636e+03 2.107900000000000091e+03
2.040000000000002345e+01 2.050000000000000000e+01 3.299999999999999822e+00 9.020000000000000284e+01 7.798500000000000000e+03 2.087500000000000000e+03
2.050000000000002487e+01 2.050000000000000000e+01 3.200000000000000178e+00 8.600000000000000000e+01 7.819500000000000000e+03 2.070800000000000182e+03
2.060000000000002274e+01 2.050000000000000000e+01 3.000000000000000000e+00 8.300000000000000000e+01 7.841800000000000182e+03 2.051699999999999818e+03
2.070000000000002061e+01 2.050000000000000000e+01 2.799999999999999822e+00 8.079999999999999716e+01 7.862000000000000000e+03 2.033900000000000091e+03
2.080000000000002203e+01 2.050000000000000000e+01 2.700000000000000178e+00 7.800000000000000000e+01 7.885699999999999818e+03 2.013099999999999909e+03
2.090000000000003055e+01 2.050000000000000000e+01 2.700000000000000178e+00 7.540000000000000568e+01 7.907399999999999636e+03 1.994000000000000000e+03
2.100000000000002842e+01 2.039999999999999858e+01 2.799999999999999822e+00 7.250000000000000000e+01 7.928399999999999636e+03 1.975900000000000091e+03
2.110000000000002629e+01 2.019999999999999929e+01 3.000000000000000000e+00 6.990000000000000568e+01 7.950100000000000364e+03 1.956799999999999955e+03
2.120000000000003482e+01 2.019999999999999929e+01 2.700000000000000178e+00 6.709999999999999432e+01 7.969899999999999636e+03 1.940099999999999909e+03
2.130000000000003624e+01 2.019999999999999929e+01 2.600000000000000089e+00 6.520000000000000284e+01 7.989800000000000182e+03 1.922200000000000045e+03
2.140000000000003411e+01 2.019999999999999929e+01 2.500000000000000000e+00 6.270000000000000284e+01 8.009800000000000182e+03 1.904799999999999955e+03
2.150000000000003197e+01 2.019999999999999929e+01 2.500000000000000000e+00 6.039999999999999858e+01 8.031600000000000364e+03 1.885299999999999955e+03
2.160000000000003340e+01 2.019999999999999929e+01 2.399999999999999911e+00 5.870000000000000284e+01 8.051699999999999818e+03 1.867000000000000000e+03
2.170000000000004192e+01 2.010000000000000142e+01 2.100000000000000089e+00 5.689999999999999858e+01 8.070600000000000364e+03 1.850299999999999955e+03
2.180000000000003979e+01 2.010000000000000142e+01 1.899999999999999911e+00 5.539999999999999858e+01 8.090100000000000364e+03 1.832500000000000000e+03
2.190000000000003766e+01 2.010000000000000142e+01 1.699999999999999956e+00 5.410000000000000142e+01 8.111699999999999818e+03 1.812400000000000091e+03
2.200000000000004619e+01 2.000000000000000000e+01 1.800000000000000044e+00 5.289999999999999858e+01 8.130800000000000182e+03 1.794500000000000000e+03
2.210000000000004761e+01 2.000000000000000000e+01 1.800000000000000044e+00 5.050000000000000000e+01 8.151600000000000364e+03 1.776099999999999909e+03
2.220000000000004547e+01 2.000000000000000000e+01 1.600000000000000089e+00 4.900000000000000000e+01 8.172899999999999636e+03 1.756500000000000000e+03
2.230000000000004334e+01 2.000000000000000000e+01 1.500000000000000000e+00 4.729999999999999716e+01 8.190399999999999636e+03 1.740799999999999955e+03
2.240000000000004476e+01 2.000000000000000000e+01 1.399999999999999911e+00 4.539999999999999858e+01 8.208200000000000728e+03 1.725000000000000000e+03
2.250000000000005329e+01 1.989999999999999858e+01 1.399999999999999911e+00 4.470000000000000284e+01 8.225100000000000364e+03 1.708900000000000091e+03
2.260000000000005116e+01 1.989999999999999858e+01 1.399999999999999911e+00 4.379999999999999716e+01 8.242200000000000728e+03 1.692700000000000045e+03
2.270000000000004903e+01 1.980000000000000071e+01 1.399999999999999911e+00 4.229999999999999716e+01 8.260600000000000364e+03 1.675900000000000091e+03
2.280000000000005755e+01 1.980000000000000071e+01 1.399999999999999911e+00 4.110000000000000142e+01 8.279200000000000728e+03 1.658500000000000000e+03
2.290000000000005898e+01 1.969999999999999929e+01 1.300000000000000044e+00 3.979999999999999716e+01 8.298200000000000728e+03 1.641000000000000000e+03
2.300000000000005684e+01 1.960000000000000142e+01 1.399999999999999911e+00 3.870000000000000284e+01 8.317200000000000728e+03 1.623099999999999909e+03
2.310000000000005471e+01 1.960000000000000142e+01 1.399999999999999911e+00 3.779999999999999716e+01 8.336899999999999636e+03 1.604299999999999955e+03
2.320000000000005613e+01 1.960000000000000142e+01 1.300000000000000044e+00 3.679999999999999716e+01 8.353700000000000728e+03 1.588599999999999909e+03
2.330000000000006466e+01 1.960000000000000142e+01 1.300000000000000044e+00 3.529999999999999716e+01 8.372399999999999636e+03 1.571400000000000091e+03
2.340000000000006253e+01 1.960000000000000142e+01 1.100000000000000089e+00 3.429999999999999716e+01 8.390399999999999636e+03 1.554599999999999909e+03
2.350000000000006040e+01 1.960000000000000142e+01 1.000000000000000000e+00 3.350000000000000000e+01 8.407799999999999272e+03 1.538099999999999909e+03
2.360000000000006892e+01 1.960000000000000142e+01 1.000000000000000000e+00 3.260000000000000142e+01 8.425899999999999636e+03 1.520900000000000091e+03
2.370000000000007034e+01 1.960000000000000142e+01 1.000000000000000000e+00 3.139999999999999858e+01 8.446700000000000728e+03 1.501299999999999955e+03
2.380000000000006821e+01 1.960000000000000142e+01 1.000000000000000000e+00 3.030000000000000071e+01 8.463200000000000728e+03 1.485900000000000091e+03
2.390000000000006608e+01 1.960000000000000142e+01 8.000000000000000444e-01 2.889999999999999858e+01 8.479799999999999272e+03 1.470900000000000091e+03
2.400000000000006750e+01 1.960000000000000142e+01 6.999999999999999556e-01 2.760000000000000142e+01 8.497200000000000728e+03 1.454900000000000091e+03
2.410000000000007603e+01 1.960000000000000142e+01 6.999999999999999556e-01 2.680000000000000071e+01 8.511399999999999636e+03 1.441500000000000000e+03
2.420000000000007390e+01 1.960000000000000142e+01 5.999999999999999778e-01 2.569999999999999929e+01 8.525799999999999272e+03 1.428299999999999955e+03
2.430000000000007176e+01 1.960000000000000142e+01 5.999999999999999778e-01 2.500000000000000000e+01 8.541299999999999272e+03 1.413500000000000000e+03
2.440000000000008029e+01 1.960000000000000142e+01 5.999999999999999778e-01 2.419999999999999929e+01 8.556899999999999636e+03 1.398700000000000045e+03
2.450000000000008171e+01 1.960000000000000142e+01 5.000000000000000000e-01 2.300000000000000000e+01 8.573100000000000364e+03 1.383799999999999955e+03
2.460000000000007958e+01 1.960000000000000142e+01 5.000000000000000000e-01 2.219999999999999929e+01 8.588700000000000728e+03 1.369000000000000000e+03
2.470000000000007745e+01 1.960000000000000142e+01 5.000000000000000000e-01 2.110000000000000142e+01 8.605700000000000728e+03 1.353099999999999909e+03
2.480000000000007887e+01 1.960000000000000142e+01 5.000000000000000000e-01 2.019999999999999929e+01 8.619299999999999272e+03 1.340400000000000091e+03
2.490000000000008740e+01 1.960000000000000142e+01 5.000000000000000000e-01 1.900000000000000000e+01 8.633700000000000728e+03 1.327200000000000045e+03
2.500000000000008527e+01 1.960000000000000142e+01 5.000000000000000000e-01 1.850000000000000000e+01 8.648200000000000728e+03 1.313200000000000045e+03
2.510000000000008313e+01 1.960000000000000142e+01 5.000000000000000000e-01 1.760000000000000142e+01 8.663200000000000728e+03 1.299099999999999909e+03
2.520000000000009166e+01 1.950000000000000000e+01 5.000000000000000000e-01 1.710000000000000142e+01 8.677100000000000364e+03 1.285799999999999955e+03
2.530000000000009308e+01 1.950000000000000000e+01 5.000000000000000000e-01 1.639999999999999858e+01 8.690899999999999636e+03 1.272700000000000045e+03
2.540000000000009095e+01 1.950000000000000000e+01 4.000000000000000222e-01 1.630000000000000071e+01 8.704299999999999272e+03 1.259500000000000000e+03
2.550000000000008882e+01 1.950000000000000000e+01 4.000000000000000222e-01 1.590000000000000036e+01 8.719700000000000728e+03 1.244500000000000000e+03
2.560000000000008669e+01 1.950000000000000000e+01 4.000000000000000222e-01 1.490000000000000036e+01 8.733700000000000728e+03 1.231500000000000000e+03
2.570000000000009521e+01 1.950000000000000000e+01 2.999999999999999889e-01 1.419999999999999929e+01 8.745700000000000728e+03 1.220299999999999955e+03
2.580000000000009663e+01 1.950000000000000000e+01 2.999999999999999889e-01 1.319999999999999929e+01 8.761399999999999636e+03 1.205599999999999909e+03
2.590000000000009805e+01 1.950000000000000000e+01 2.999999999999999889e-01 1.250000000000000000e+01 8.775200000000000728e+03 1.192500000000000000e+03
2.600000000000010658e+01 1.950000000000000000e+01 2.999999999999999889e-01 1.209999999999999964e+01 8.785600000000000364e+03 1.182500000000000000e+03
2.610000000000010090e+01 1.950000000000000000e+01 2.999999999999999889e-01 1.150000000000000000e+01 8.797899999999999636e+03 1.170799999999999955e+03
2.620000000000010232e+01 1.950000000000000000e+01 2.999999999999999889e-01 1.130000000000000071e+01 8.813000000000000000e+03 1.155900000000000091e+03
2.630000000000010374e+01 1.950000000000000000e+01 2.999999999999999889e-01 1.080000000000000071e+01 8.825700000000000728e+03 1.143700000000000045e+03
2.640000000000009805e+01 1.950000000000000000e+01 2.999999999999999889e-01 1.050000000000000000e+01 8.840600000000000364e+03 1.129099999999999909e+03
2.650000000000010658e+01 1.950000000000000000e+01 2.999999999999999889e-01 1.000000000000000000e+01 8.855100000000000364e+03 1.115099999999999909e+03
2.660000000000010800e+01 1.950000000000000000e+01 1.000000000000000056e-01 9.699999999999999289e+00 8.867200000000000728e+03 1.103500000000000000e+03
2.670000000000010942e+01 1.950000000000000000e+01 0.000000000000000000e+00 9.599999999999999645e+00 8.878799999999999272e+03 1.092099999999999909e+03
2.680000000000011795e+01 1.950000000000000000e+01 0.000000000000000000e+00 9.300000000000000711e+00 8.890500000000000000e+03 1.080700000000000045e+03
2.690000000000011227e+01 1.950000000000000000e+01 0.000000000000000000e+00 9.199999999999999289e+00 8.903600000000000364e+03 1.067700000000000045e+03
2.700000000000011369e+01 1.950000000000000000e+01 0.000000000000000000e+00 9.099999999999999645e+00 8.915600000000000364e+03 1.055799999999999955e+03
2.710000000000011511e+01 1.950000000000000000e+01 0.000000000000000000e+00 8.500000000000000000e+00 8.925500000000000000e+03 1.046500000000000000e+03
2.720000000000010942e+01 1.939999999999999858e+01 1.000000000000000056e-01 8.099999999999999645e+00 8.937200000000000728e+03 1.035200000000000045e+03
2.730000000000011795e+01 1.939999999999999858e+01 1.000000000000000056e-01 7.599999999999999645e+00 8.951200000000000728e+03 1.021700000000000045e+03
2.740000000000011937e+01 1.939999999999999858e+01 1.000000000000000056e-01 7.500000000000000000e+00 8.963399999999999636e+03 1.009600000000000023e+03
2.750000000000012079e+01 1.939999999999999858e+01 0.000000000000000000e+00 7.200000000000000178e+00 8.974000000000000000e+03 9.993999999999999773e+02
2.760000000000012932e+01 1.939999999999999858e+01 0.000000000000000000e+00 7.099999999999999645e+00 8.985299999999999272e+03 9.882000000000000455e+02
2.770000000000012363e+01 1.939999999999999858e+01 0.000000000000000000e+00 6.799999999999999822e+00 8.995899999999999636e+03 9.778999999999999773e+02
2.780000000000012506e+01 1.939999999999999858e+01 0.000000000000000000e+00 6.700000000000000178e+00 9.006899999999999636e+03 9.670000000000000000e+02
2.790000000000012648e+01 1.939999999999999858e+01 0.000000000000000000e+00 6.500000000000000000e+00 9.017299999999999272e+03 9.567999999999999545e+02
2.800000000000012079e+01 1.939999999999999858e+01 0.000000000000000000e+00 6.200000000000000178e+00 9.028000000000000000e+03 9.463999999999999773e+02
2.810000000000012932e+01 1.939999999999999858e+01 0.000000000000000000e+00 6.099999999999999645e+00 9.038200000000000728e+03 9.362999999999999545e+02
2.820000000000013074e+01 1.939999999999999858e+01 0.000000000000000000e+00 5.500000000000000000e+00 9.048299999999999272e+03 9.267999999999999545e+02
2.830000000000013216e+01 1.939999999999999858e+01 0.000000000000000000e+00 5.299999999999999822e+00 9.059000000000000000e+03 9.162999999999999545e+02
2.840000000000014069e+01 1.939999999999999858e+01 0.000000000000000000e+00 5.299999999999999822e+00 9.069700000000000728e+03 9.056000000000000227e+02
2.850000000000013500e+01 1.939999999999999858e+01 0.000000000000000000e+00 5.000000000000000000e+00 9.080799999999999272e+03 8.947999999999999545e+02
2.860000000000013642e+01 1.939999999999999858e+01 0.000000000000000000e+00 4.900000000000000355e+00 9.092399999999999636e+03 8.832999999999999545e+02
2.870000000000013785e+01 1.939999999999999858e+01 0.000000000000000000e+00 4.799999999999999822e+00 9.100100000000000364e+03 8.757000000000000455e+02
2.880000000000013216e+01 1.939999999999999858e+01 0.000000000000000000e+00 4.700000000000000178e+00 9.108200000000000728e+03 8.677000000000000455e+02
2.890000000000014069e+01 1.939999999999999858e+01 0.000000000000000000e+00 4.400000000000000355e+00 9.117600000000000364e+03 8.586000000000000227e+02
2.900000000000013500e+01 1.939999999999999858e+01 0.000000000000000000e+00 4.200000000000000178e+00 9.128100000000000364e+03 8.482999999999999545e+02
2.910000000000014353e+01 1.939999999999999858e+01 0.000000000000000000e+00 4.200000000000000178e+00 9.139399999999999636e+03 8.370000000000000000e+02
2.920000000000015206e+01 1.939999999999999858e+01 0.000000000000000000e+00 4.099999999999999645e+00 9.149200000000000728e+03 8.272999999999999545e+02
2.930000000000014637e+01 1.939999999999999858e+01 0.000000000000000000e+00 4.099999999999999645e+00 9.157899999999999636e+03 8.186000000000000227e+02
2.940000000000014779e+01 1.939999999999999858e+01 0.000000000000000000e+00 4.099999999999999645e+00 9.165399999999999636e+03 8.111000000000000227e+02
2.950000000000014921e+01 1.939999999999999858e+01 0.000000000000000000e+00 3.799999999999999822e+00 9.173200000000000728e+03 8.036000000000000227e+02
2.960000000000014353e+01 1.939999999999999858e+01 0.000000000000000000e+00 3.700000000000000178e+00 9.182600000000000364e+03 7.942999999999999545e+02
2.970000000000015206e+01 1.939999999999999858e+01 0.000000000000000000e+00 3.399999999999999911e+00 9.189500000000000000e+03 7.877000000000000455e+02
2.980000000000016058e+01 1.939999999999999858e+01 0.000000000000000000e+00 3.299999999999999822e+00 9.198299999999999272e+03 7.790000000000000000e+02
2.990000000000015490e+01 1.939999999999999858e+01 0.000000000000000000e+00 3.100000000000000089e+00 9.207799999999999272e+03 7.697000000000000455e+02
3.000000000000016342e+01 1.939999999999999858e+01 0.000000000000000000e+00 3.000000000000000000e+00 9.217399999999999636e+03 7.602000000000000455e+02
3.010000000000015774e+01 1.939999999999999858e+01 0.000000000000000000e+00 2.899999999999999911e+00 9.227000000000000000e+03 7.507000000000000455e+02
3.020000000000015916e+01 1.939999999999999858e+01 0.000000000000000000e+00 2.600000000000000089e+00 9.235700000000000728e+03 7.422999999999999545e+02
3.030000000000016058e+01 1.939999999999999858e+01 0.000000000000000000e+00 2.500000000000000000e+00 9.244200000000000728e+03 7.338999999999999773e+02
3.040000000000015490e+01 1.939999999999999858e+01 0.000000000000000000e+00 2.500000000000000000e+00 9.253399999999999636e+03 7.247000000000000455e+02
3.050000000000016342e+01 1.939999999999999858e+01 0.000000000000000000e+00 2.500000000000000000e+00 9.262200000000000728e+03 7.158999999999999773e+02
3.060000000000015774e+01 1.939999999999999858e+01 0.000000000000000000e+00 2.500000000000000000e+00 9.271200000000000728e+03 7.068999999999999773e+02
3.070000000000016627e+01 1.939999999999999858e+01 0.000000000000000000e+00 2.500000000000000000e+00 9.280299999999999272e+03 6.977999999999999545e+02
3.080000000000017479e+01 1.939999999999999858e+01 0.000000000000000000e+00 2.399999999999999911e+00 9.287399999999999636e+03 6.907999999999999545e+02
3.090000000000016911e+01 1.939999999999999858e+01 0.000000000000000000e+00 2.399999999999999911e+00 9.293600000000000364e+03 6.846000000000000227e+02
3.100000000000017053e+01 1.939999999999999858e+01 0.000000000000000000e+00 2.299999999999999822e+00 9.302600000000000364e+03 6.757000000000000455e+02
3.110000000000017195e+01 1.939999999999999858e+01 0.000000000000000000e+00 2.200000000000000178e+00 9.309600000000000364e+03 6.687999999999999545e+02
3.120000000000016627e+01 1.939999999999999858e+01 0.000000000000000000e+00 2.100000000000000089e+00 9.317399999999999636e+03 6.611000000000000227e+02
3.130000000000017479e+01 1.939999999999999858e+01 0.000000000000000000e+00 2.100000000000000089e+00 9.324500000000000000e+03 6.540000000000000000e+02
3.140000000000018332e+01 1.939999999999999858e+01 0.000000000000000000e+00 2.100000000000000089e+00 9.332399999999999636e+03 6.461000000000000227e+02
3.150000000000017764e+01 1.939999999999999858e+01 0.000000000000000000e+00 1.899999999999999911e+00 9.338700000000000728e+03 6.400000000000000000e+02
3.160000000000018616e+01 1.939999999999999858e+01 0.000000000000000000e+00 1.899999999999999911e+00 9.345899999999999636e+03 6.327999999999999545e+02
3.170000000000018048e+01 1.939999999999999858e+01 0.000000000000000000e+00 1.800000000000000044e+00 9.352899999999999636e+03 6.258999999999999773e+02
3.180000000000018190e+01 1.939999999999999858e+01 0.000000000000000000e+00 1.800000000000000044e+00 9.359399999999999636e+03 6.193999999999999773e+02
3.190000000000018332e+01 1.939999999999999858e+01 0.000000000000000000e+00 1.699999999999999956e+00 9.367500000000000000e+03 6.113999999999999773e+02
3.200000000000017764e+01 1.939999999999999858e+01 0.000000000000000000e+00 1.600000000000000089e+00 9.374600000000000364e+03 6.043999999999999773e+02
3.210000000000018616e+01 1.939999999999999858e+01 0.000000000000000000e+00 1.600000000000000089e+00 9.381600000000000364e+03 5.973999999999999773e+02
3.220000000000018048e+01 1.939999999999999858e+01 0.000000000000000000e+00 1.500000000000000000e+00 9.388299999999999272e+03 5.907999999999999545e+02
3.230000000000018900e+01 1.939999999999999858e+01 0.000000000000000000e+00 1.399999999999999911e+00 9.395399999999999636e+03 5.837999999999999545e+02
3.240000000000019753e+01 1.939999999999999858e+01 0.000000000000000000e+00 1.399999999999999911e+00 9.401700000000000728e+03 5.775000000000000000e+02
3.250000000000018474e+01 1.939999999999999858e+01 0.000000000000000000e+00 1.300000000000000044e+00 9.409200000000000728e+03 5.701000000000000227e+02
3.260000000000019327e+01 1.939999999999999858e+01 0.000000000000000000e+00 1.300000000000000044e+00 9.415399999999999636e+03 5.638999999999999773e+02
3.270000000000020179e+01 1.939999999999999858e+01 0.000000000000000000e+00 1.199999999999999956e+00 9.420799999999999272e+03 5.586000000000000227e+02
3.280000000000018900e+01 1.939999999999999858e+01 0.000000000000000000e+00 1.000000000000000000e+00 9.427200000000000728e+03 5.523999999999999773e+02
3.290000000000019753e+01 1.939999999999999858e+01 0.000000000000000000e+00 1.000000000000000000e+00 9.432600000000000364e+03 5.470000000000000000e+02
3.300000000000020606e+01 1.939999999999999858e+01 0.000000000000000000e+00 1.000000000000000000e+00 9.438200000000000728e+03 5.413999999999999773e+02
3.310000000000020037e+01 1.939999999999999858e+01 0.000000000000000000e+00 1.000000000000000000e+00 9.445299999999999272e+03 5.342999999999999545e+02
3.320000000000020890e+01 1.939999999999999858e+01 0.000000000000000000e+00 1.000000000000000000e+00 9.451500000000000000e+03 5.281000000000000227e+02
3.330000000000019611e+01 1.939999999999999858e+01 0.000000000000000000e+00 1.000000000000000000e+00 9.456399999999999636e+03 5.232000000000000455e+02
3.340000000000020464e+01 1.939999999999999858e+01 0.000000000000000000e+00 1.000000000000000000e+00 9.463700000000000728e+03 5.158999999999999773e+02
3.350000000000021316e+01 1.939999999999999858e+01 0.000000000000000000e+00 1.000000000000000000e+00 9.469299999999999272e+03 5.103000000000000114e+02
3.360000000000020037e+01 1.939999999999999858e+01 0.000000000000000000e+00 1.000000000000000000e+00 9.474500000000000000e+03 5.051000000000000227e+02
3.370000000000020890e+01 1.939999999999999858e+01 0.000000000000000000e+00 9.000000000000000222e-01 9.480399999999999636e+03 4.993000000000000114e+02
3.380000000000020322e+01 1.939999999999999858e+01 0.000000000000000000e+00 9.000000000000000222e-01 9.486500000000000000e+03 4.931999999999999886e+02
3.390000000000021174e+01 1.939999999999999858e+01 0.000000000000000000e+00 9.000000000000000222e-01 9.492100000000000364e+03 4.876000000000000227e+02
3.400000000000022027e+01 1.939999999999999858e+01 0.000000000000000000e+00 8.000000000000000444e-01 9.498200000000000728e+03 4.816000000000000227e+02
3.410000000000020748e+01 1.939999999999999858e+01 0.000000000000000000e+00 8.000000000000000444e-01 9.503799999999999272e+03 4.760000000000000000e+02
3.420000000000021600e+01 1.939999999999999858e+01 0.000000000000000000e+00 8.000000000000000444e-01 9.509000000000000000e+03 4.708000000000000114e+02
3.430000000000022453e+01 1.939999999999999858e+01 0.000000000000000000e+00 8.000000000000000444e-01 9.514899999999999636e+03 4.648999999999999773e+02
3.440000000000021174e+01 1.939999999999999858e+01 0.000000000000000000e+00 8.000000000000000444e-01 9.520000000000000000e+03 4.598000000000000114e+02
3.450000000000022027e+01 1.939999999999999858e+01 0.000000000000000000e+00 8.000000000000000444e-01 9.523899999999999636e+03 4.558999999999999773e+02
3.460000000000022879e+01 1.939999999999999858e+01 0.000000000000000000e+00 8.000000000000000444e-01 9.528399999999999636e+03 4.513999999999999773e+02
3.470000000000022311e+01 1.939999999999999858e+01 0.000000000000000000e+00 6.999999999999999556e-01 9.534799999999999272e+03 4.451000000000000227e+02
3.480000000000023164e+01 1.939999999999999858e+01 0.000000000000000000e+00 6.999999999999999556e-01 9.540000000000000000e+03 4.398999999999999773e+02
3.490000000000021885e+01 1.939999999999999858e+01 0.000000000000000000e+00 6.999999999999999556e-01 9.546000000000000000e+03 4.338999999999999773e+02
3.500000000000022737e+01 1.939999999999999858e+01 0.000000000000000000e+00 6.999999999999999556e-01 9.551299999999999272e+03 4.286000000000000227e+02
3.510000000000023590e+01 1.939999999999999858e+01 0.000000000000000000e+00 6.999999999999999556e-01 9.556500000000000000e+03 4.233999999999999773e+02
3.520000000000022311e+01 1.939999999999999858e+01 0.000000000000000000e+00 6.999999999999999556e-01 9.561700000000000728e+03 4.181999999999999886e+02
3.530000000000023164e+01 1.939999999999999858e+01 0.000000000000000000e+00 6.999999999999999556e-01 9.565700000000000728e+03 4.141999999999999886e+02
3.540000000000022595e+01 1.939999999999999858e+01 0.000000000000000000e+00 5.999999999999999778e-01 9.570200000000000728e+03 4.098000000000000114e+02
3.550000000000023448e+01 1.939999999999999858e+01 0.000000000000000000e+00 5.000000000000000000e-01 9.575100000000000364e+03 4.050000000000000000e+02
3.560000000000024301e+01 1.939999999999999858e+01 0.000000000000000000e+00 5.000000000000000000e-01 9.579899999999999636e+03 4.001999999999999886e+02
3.570000000000023022e+01 1.939999999999999858e+01 0.000000000000000000e+00 5.000000000000000000e-01 9.583899999999999636e+03 3.961999999999999886e+02
3.580000000000023874e+01 1.939999999999999858e+01 0.000000000000000000e+00 4.000000000000000222e-01 9.588200000000000728e+03 3.920000000000000000e+02
3.590000000000024727e+01 1.939999999999999858e+01 0.000000000000000000e+00 4.000000000000000222e-01 9.592600000000000364e+03 3.876000000000000227e+02
3.600000000000023448e+01 1.939999999999999858e+01 0.000000000000000000e+00 2.999999999999999889e-01 9.595799999999999272e+03 3.845000000000000000e+02
3.610000000000024301e+01 1.939999999999999858e+01 0.000000000000000000e+00 2.000000000000000111e-01 9.599799999999999272e+03 3.806000000000000227e+02
3.620000000000025153e+01 1.939999999999999858e+01 0.000000000000000000e+00 2.000000000000000111e-01 9.604600000000000364e+03 3.758000000000000114e+02
3.630000000000024585e+01 1.939999999999999858e+01 0.000000000000000000e+00 2.000000000000000111e-01 9.608899999999999636e+03 3.715000000000000000e+02
3.640000000000025437e+01 1.939999999999999858e+01 0.000000000000000000e+00 2.000000000000000111e-01 9.613299999999999272e+03 3.671000000000000227e+02
3.650000000000024158e+01 1.939999999999999858e+01 0.000000000000000000e+00 2.000000000000000111e-01 9.615299999999999272e+03 3.651000000000000227e+02
3.660000000000025011e+01 1.939999999999999858e+01 0.000000000000000000e+00 1.000000000000000056e-01 9.618000000000000000e+03 3.625000000000000000e+02
3.670000000000025864e+01 1.939999999999999858e+01 0.000000000000000000e+00 1.000000000000000056e-01 9.621700000000000728e+03 3.588000000000000114e+02
3.680000000000024585e+01 1.939999999999999858e+01 0.000000000000000000e+00 1.000000000000000056e-01 9.625100000000000364e+03 3.553999999999999773e+02
3.690000000000025437e+01 1.939999999999999858e+01 0.000000000000000000e+00 1.000000000000000056e-01 9.629799999999999272e+03 3.506999999999999886e+02
3.700000000000024869e+01 1.939999999999999858e+01 0.000000000000000000e+00 1.000000000000000056e-01 9.634000000000000000e+03 3.465000000000000000e+02
3.710000000000025722e+01 1.939999999999999858e+01 0.000000000000000000e+00 1.000000000000000056e-01 9.637700000000000728e+03 3.428000000000000114e+02
3.720000000000026574e+01 1.939999999999999858e+01 0.000000000000000000e+00 1.000000000000000056e-01 9.641600000000000364e+03 3.388999999999999773e+02
3.730000000000025295e+01 1.939999999999999858e+01 0.000000000000000000e+00 1.000000000000000056e-01 9.645100000000000364e+03 3.353999999999999773e+02
3.740000000000026148e+01 1.939999999999999858e+01 0.000000000000000000e+00 1.000000000000000056e-01 9.649299999999999272e+03 3.311999999999999886e+02
3.750000000000027001e+01 1.939999999999999858e+01 0.000000000000000000e+00 1.000000000000000056e-01 9.653399999999999636e+03 3.271000000000000227e+02
3.760000000000025722e+01 1.939999999999999858e+01 0.000000000000000000e+00 1.000000000000000056e-01 9.656000000000000000e+03 3.245000000000000000e+02
3.770000000000026574e+01 1.939999999999999858e+01 0.000000000000000000e+00 1.000000000000000056e-01 9.659700000000000728e+03 3.208000000000000114e+02
3.780000000000027427e+01 1.939999999999999858e+01 0.000000000000000000e+00 1.000000000000000056e-01 9.663700000000000728e+03 3.168000000000000114e+02
3.790000000000026859e+01 1.939999999999999858e+01 0.000000000000000000e+00 1.000000000000000056e-01 9.666899999999999636e+03 3.136000000000000227e+02
3.800000000000027711e+01 1.939999999999999858e+01 0.000000000000000000e+00 1.000000000000000056e-01 9.670500000000000000e+03 3.100000000000000000e+02
3.810000000000026432e+01 1.939999999999999858e+01 0.000000000000000000e+00 1.000000000000000056e-01 9.673600000000000364e+03 3.068999999999999773e+02
3.820000000000027285e+01 1.939999999999999858e+01 0.000000000000000000e+00 1.000000000000000056e-01 9.676600000000000364e+03 3.038999999999999773e+02
3.830000000000028137e+01 1.939999999999999858e+01 0.000000000000000000e+00 1.000000000000000056e-01 9.679600000000000364e+03 3.008999999999999773e+02
3.840000000000026859e+01 1.939999999999999858e+01 0.000000000000000000e+00 1.000000000000000056e-01 9.683299999999999272e+03 2.971999999999999886e+02
3.850000000000027711e+01 1.939999999999999858e+01 0.000000000000000000e+00 1.000000000000000056e-01 9.687399999999999636e+03 2.931000000000000227e+02
3.860000000000027143e+01 1.939999999999999858e+01 0.000000000000000000e+00 1.000000000000000056e-01 9.690600000000000364e+03 2.898999999999999773e+02
3.870000000000027995e+01 1.939999999999999858e+01 0.000000000000000000e+00 0.000000000000000000e+00 9.694000000000000000e+03 2.866000000000000227e+02
3.880000000000028848e+01 1.939999999999999858e+01 0.000000000000000000e+00 0.000000000000000000e+00 9.697299999999999272e+03 2.833000000000000114e+02
3.890000000000027569e+01 1.939999999999999858e+01 0.000000000000000000e+00 0.000000000000000000e+00 9.700899999999999636e+03 2.796999999999999886e+02
3.900000000000028422e+01 1.939999999999999858e+01 0.000000000000000000e+00 0.000000000000000000e+00 9.703600000000000364e+03 2.770000000000000000e+02
3.910000000000029274e+01 1.939999999999999858e+01 0.000000000000000000e+00 0.000000000000000000e+00 9.706100000000000364e+03 2.745000000000000000e+02
3.920000000000027995e+01 1.939999999999999858e+01 0.000000000000000000e+00 0.000000000000000000e+00 9.709000000000000000e+03 2.716000000000000227e+02
3.930000000000028848e+01 1.939999999999999858e+01 0.000000000000000000e+00 0.000000000000000000e+00 9.711899999999999636e+03 2.686999999999999886e+02
3.940000000000029701e+01 1.939999999999999858e+01 0.000000000000000000e+00 0.000000000000000000e+00 9.714799999999999272e+03 2.658000000000000114e+02
3.950000000000029132e+01 1.939999999999999858e+01 0.000000000000000000e+00 0.000000000000000000e+00 9.718100000000000364e+03 2.625000000000000000e+02
3.960000000000029985e+01 1.939999999999999858e+01 0.000000000000000000e+00 0.000000000000000000e+00 9.720799999999999272e+03 2.598000000000000114e+02
3.970000000000028706e+01 1.939999999999999858e+01 0.000000000000000000e+00 0.000000000000000000e+00 9.724000000000000000e+03 2.566000000000000227e+02
3.980000000000029559e+01 1.939999999999999858e+01 0.000000000000000000e+00 0.000000000000000000e+00 9.726100000000000364e+03 2.545000000000000000e+02
3.990000000000030411e+01 1.939999999999999858e+01 0.000000000000000000e+00 0.000000000000000000e+00 9.728500000000000000e+03 2.520999999999999943e+02
4.000000000000029132e+01 1.939999999999999858e+01 0.000000000000000000e+00 0.000000000000000000e+00 9.730299999999999272e+03 2.503000000000000114e+02
