0 423 7 423
0 1408 8 1408
0 1025 9 1025
0 288 3 288
0 2632 5 2632
0 2683 2 2683
0 1571 2 1571
0 2199 2 2199
0 1818 9 1818
0 1173 6 1173
0 2443 3 2443
0 361 0 361
0 2247 3 2247
0 781 3 781
0 2116 3 2116
0 657 3 657
0 2042 9 2042
0 664 9 664
0 362 2 362
0 1397 9 1397
0 2732 5 2732
0 894 4 894
0 2622 1 2622
0 2172 2 2172
0 311 1 311
0 1832 1 1832
0 981 7 981
0 834 3 834
0 2432 7 2432
0 2112 0 2112
0 2696 0 2696
0 2272 6 2272
0 468 2 468
0 1377 4 1377
0 2240 5 2240
0 297 5 297
0 699 3 699
0 1587 8 1587
0 1325 7 1325
0 1183 0 1183
0 639 4 639
0 762 2 762
0 1671 8 1671
0 946 0 946
0 592 8 592
0 1984 4 1984
0 533 0 533
0 1105 7 1105
0 640 2 640
0 2164 1 2164
0 1260 3 1260
0 1628 4 1628
0 1081 9 1081
0 2079 6 2079
0 1025 6 1025
0 687 7 687
0 2291 9 2291
0 2571 2 2571
0 2722 5 2722
0 1685 6 1685
0 1522 4 1522
0 1893 2 1893
0 458 0 458
0 703 1 703
0 947 9 947
0 2388 6 2388
0 451 2 451
0 1078 2 1078
0 488 4 488
0 671 8 671
0 342 6 342
0 2290 6 2290
0 2072 7 2072
0 2094 0 2094
0 1175 8 1175
0 780 0 780
0 1885 1 1885
0 2548 0 2548
0 737 4 737
0 569 5 569
0 1492 4 1492
0 1677 8 1677
0 2093 8 2093
0 378 5 378
0 394 2 394
0 627 4 627
0 2432 3 2432
0 1694 4 1694
0 1576 6 1576
0 276 8 276
0 1555 7 1555
0 2595 5 2595
0 398 4 398
0 429 2 429
0 1361 7 1361
0 486 3 486
0 934 0 934
0 1187 5 1187
0 1472 0 1472
0 2492 9 2492
0 283 0 283
0 2255 9 2255
0 2720 9 2720
0 2576 4 2576
0 1620 4 1620
0 2207 4 2207
0 1940 9 1940
0 1962 2 1962
0 2468 8 2468
0 294 2 294
0 1994 7 1994
0 2171 4 2171
0 1647 7 1647
0 1627 2 1627
0 535 9 535
0 742 6 742
0 2680 5 2680
0 2660 9 2660
0 824 4 824
0 2507 0 2507
0 1372 9 1372
0 2739 6 2739
0 1297 2 1297
0 2468 3 2468
0 2308 3 2308
0 272 0 272
0 2215 6 2215
0 644 1 644
0 1388 2 1388
0 633 5 633
0 2126 7 2126
0 625 8 625
0 1184 7 1184
0 787 4 787
0 403 0 403
0 2669 0 2669
0 2526 7 2526
0 2401 6 2401
0 2623 3 2623
0 1622 2 1622
0 698 6 698
0 991 9 991
0 779 9 779
0 612 4 612
0 2681 5 2681
0 1098 7 1098
0 318 5 318
0 1757 7 1757
0 2403 4 2403
0 843 5 843
0 1977 1 1977
0 1978 6 1978
0 2001 4 2001
0 332 3 332
0 1680 7 1680
0 1502 8 1502
0 325 4 325
0 1343 7 1343
0 285 0 285
0 262 7 262
0 2627 1 2627
0 1159 5 1159
0 907 3 907
0 2385 7 2385
0 2545 5 2545
0 787 3 787
0 1699 8 1699
0 2492 0 2492
0 2383 3 2383
0 1589 3 1589
0 2342 1 2342
0 409 9 409
0 886 9 886
0 1920 2 1920
0 1966 2 1966
0 1698 5 1698
0 994 5 994
0 2477 5 2477
0 1904 0 1904
0 326 8 326
0 1472 8 1472
0 2288 0 2288
0 310 5 310
0 2305 0 2305
0 1355 9 1355
0 2519 1 2519
0 2678 2 2678
0 559 2 559
0 2243 9 2243
0 1099 8 1099
0 1861 6 1861
0 613 5 613
0 1927 2 1927
0 659 7 659
0 1504 4 1504
0 303 0 303
0 2647 0 2647
0 2594 4 2594
0 303 7 303
0 1457 7 1457
0 1801 1 1801
0 2331 7 2331
0 2418 4 2418
0 2651 1 2651
0 406 5 406
0 2063 5 2063
0 391 4 391
0 2492 1 2492
0 2475 1 2475
0 2402 7 2402
0 2464 0 2464
0 2593 0 2593
0 1871 9 1871
0 1308 8 1308
0 2120 3 2120
0 2268 1 2268
0 2516 6 2516
0 1640 3 1640
0 431 0 431
0 687 0 687
0 1597 3 1597
0 2267 2 2267
0 256 1 256
0 2577 5 2577
0 1729 2 1729
0 808 2 808
0 935 4 935
0 382 1 382
0 744 5 744
0 2538 8 2538
0 384 9 384
0 995 0 995
0 2385 6 2385
0 706 2 706
0 2565 8 2565
0 2352 6 2352
0 609 8 609
0 2047 6 2047
0 524 0 524
0 1030 4 1030
0 1932 8 1932
0 931 8 931
0 688 4 688
0 2657 1 2657
0 391 4 391
0 2473 6 2473
0 2170 5 2170
0 1863 5 1863
0 1210 0 1210
0 1267 2 1267
0 251 5 251
0 2700 8 2700
0 1590 6 1590
0 2159 1 2159
0 2121 3 2121
0 2588 0 2588
0 1750 9 1750
0 2221 1 2221
0 624 6 624
0 499 4 499
0 754 1 754
0 1573 8 1573
0 2298 4 2298
0 1344 6 1344
0 2202 2 2202
0 1847 1 1847
0 2144 6 2144
0 1496 0 1496
0 1548 6 1548
0 1748 9 1748
0 1283 4 1283
0 294 0 294
0 443 9 443
0 314 8 314
0 2231 4 2231
0 2622 9 2622
0 2679 2 2679
0 2076 8 2076
0 2012 6 2012
0 2130 4 2130
0 835 1 835
0 1167 5 1167
0 2472 6 2472
0 1604 5 1604
0 1061 9 1061
0 1539 0 1539
0 1862 6 1862
0 1587 0 1587
0 1201 7 1201
0 2319 2 2319
0 2456 3 2456
0 2260 5 2260
0 1395 5 1395
0 1619 4 1619
0 831 1 831
0 1749 0 1749
0 2355 8 2355
0 322 6 322
0 1871 4 1871
0 1979 1 1979
0 429 1 429
0 1588 7 1588
0 2132 5 2132
0 1678 3 1678
0 888 0 888
0 721 7 721
0 2157 7 2157
0 2036 3 2036
0 2362 3 2362
0 919 9 919
0 2638 1 2638
0 654 6 654
0 857 2 857
0 1057 9 1057
0 2345 0 2345
0 2230 9 2230
0 2188 6 2188
0 2346 7 2346
0 625 8 625
0 1646 4 1646
0 1077 1 1077
0 1223 0 1223
0 295 0 295
0 502 7 502
0 1994 6 1994
0 1059 5 1059
0 903 6 903
0 1848 8 1848
0 2694 4 2694
0 377 8 377
0 1891 5 1891
0 2363 1 2363
0 2475 8 2475
0 2045 1 2045
0 2473 0 2473
0 850 8 850
0 394 3 394
0 1365 0 1365
0 282 7 282
0 541 2 541
0 2447 0 2447
0 1339 8 1339
0 417 6 417
0 2660 1 2660
0 1258 1 1258
0 2726 8 2726
0 880 4 880
0 1692 4 1692
0 2501 4 2501
0 859 0 859
0 1817 4 1817
0 253 5 253
0 1060 1 1060
0 823 3 823
0 1217 3 1217
0 820 2 820
0 1789 1 1789
0 1370 8 1370
0 1723 1 1723
0 2020 1 2020
0 842 6 842
0 1025 6 1025
0 1436 3 1436
0 837 1 837
0 492 0 492
0 955 7 955
0 1420 0 1420
0 1946 3 1946
0 1993 0 1993
0 2387 3 2387
0 2405 9 2405
0 1442 9 1442
0 1109 1 1109
0 1630 6 1630
0 1525 0 1525
0 1976 1 1976
0 1841 2 1841
0 2262 3 2262
0 1958 6 1958
0 1090 1 1090
0 2376 9 2376
0 1032 3 1032
0 2441 4 2441
0 591 8 591
0 456 5 456
0 1462 0 1462
0 1829 9 1829
0 1872 6 1872
0 476 1 476
0 2695 1 2695
0 2706 8 2706
0 863 0 863
0 1415 8 1415
0 1106 7 1106
0 1366 1 1366
0 1173 6 1173
0 2256 9 2256
0 2065 4 2065
0 1956 5 1956
0 1161 2 1161
0 1814 8 1814
0 2283 4 2283
0 2009 6 2009
0 1036 6 1036
0 2413 0 2413
0 411 8 411
0 251 8 251
0 408 0 408
0 2565 3 2565
0 2497 0 2497
0 1920 8 1920
0 777 6 777
0 1624 3 1624
0 575 4 575
0 1372 7 1372
0 368 9 368
0 842 2 842
0 570 1 570
0 1213 1 1213
0 1962 7 1962
0 1047 2 1047
0 2251 7 2251
0 2568 2 2568
