0.000000 349 1 0
0.045186 348 2 0
0.056932 347 3 0
0.061402 346 4 0
0.071831 345 5 0
0.074069 344 6 0
0.077929 343 7 0
0.089676 342 8 0
0.092404 341 9 0
0.093817 340 10 0
0.103962 339 11 0
0.107565 338 12 0
0.108872 337 13 0
0.109182 336 14 0
0.113885 335 15 0
0.114396 334 16 0
0.114700 333 17 0
0.115387 332 18 0
0.115730 331 19 0
0.115752 331 18 1
0.116163 330 19 1
0.118713 329 20 1
0.118771 328 21 1
0.119685 327 22 1
0.120150 326 23 1
0.120186 325 24 1
0.121956 324 25 1
0.121983 323 26 1
0.122010 322 27 1
0.122088 321 28 1
0.123949 320 29 1
0.124659 319 30 1
0.125737 319 29 2
0.125795 318 30 2
0.126581 317 31 2
0.128376 316 32 2
0.129063 315 33 2
0.129192 314 34 2
0.130259 313 35 2
0.130807 312 36 2
0.131555 311 37 2
0.131744 310 38 2
0.132230 309 39 2
0.135878 308 40 2
0.136609 307 41 2
0.137100 306 42 2
0.138841 305 43 2
0.139172 304 44 2
0.139455 303 45 2
0.139635 302 46 2
0.141097 301 47 2
0.141889 300 48 2
0.142657 299 49 2
0.142784 298 50 2
0.143593 297 51 2
0.143912 296 52 2
0.144018 295 53 2
0.145433 294 54 2
0.145686 293 55 2
0.146888 292 56 2
0.147462 291 57 2
0.147539 290 58 2
0.148833 289 59 2
0.149303 288 60 2
0.151611 287 61 2
0.152553 287 60 3
0.153557 286 61 3
0.153983 285 62 3
0.154233 284 63 3
0.154321 283 64 3
0.154601 282 65 3
0.155079 281 66 3
0.155294 280 67 3
0.155725 279 68 3
0.156829 278 69 3
0.157346 277 70 3
0.157468 276 71 3
0.158036 275 72 3
0.158144 274 73 3
0.158532 273 74 3
0.159875 272 75 3
0.159936 271 76 3
0.161958 270 77 3
0.162743 269 78 3
0.163840 268 79 3
0.163927 267 80 3
0.164235 266 81 3
0.165139 265 82 3
0.165639 264 83 3
0.166371 263 84 3
0.166755 262 85 3
0.167781 261 86 3
0.167795 260 87 3
0.167881 259 88 3
0.168118 258 89 3
0.168546 257 90 3
0.168910 256 91 3
0.169545 255 92 3
0.169669 254 93 3
0.169740 253 94 3
0.169935 252 95 3
0.169952 251 96 3
0.170152 250 97 3
0.170311 249 98 3
0.170736 248 99 3
0.171053 247 100 3
0.172240 246 101 3
0.172417 245 102 3
0.172469 244 103 3
0.172607 243 104 3
0.173062 242 105 3
0.173700 241 106 3
0.173766 240 107 3
0.173784 239 108 3
0.173982 239 107 4
0.173991 238 108 4
0.174114 237 109 4
0.175322 236 110 4
0.175395 235 111 4
0.175786 234 112 4
0.176306 233 113 4
0.176809 232 114 4
0.177365 231 115 4
0.177593 230 116 4
0.178542 229 117 4
0.178866 228 118 4
0.179225 227 119 4
0.179720 226 120 4
0.180812 226 119 5
0.180964 225 120 5
0.181572 224 121 5
0.181724 223 122 5
0.182292 222 123 5
0.182326 221 124 5
0.182844 220 125 5
0.182938 219 126 5
0.183852 218 127 5
0.183853 217 128 5
0.183867 216 129 5
0.184252 215 130 5
0.184333 214 131 5
0.184855 213 132 5
0.185070 212 133 5
0.185199 211 134 5
0.185359 210 135 5
0.186107 210 134 6
0.186143 209 135 6
0.187180 208 136 6
0.187422 207 137 6
0.187437 206 138 6
0.187802 205 139 6
0.187857 204 140 6
0.188068 203 141 6
0.188360 202 142 6
0.190251 201 143 6
0.191131 200 144 6
0.191337 199 145 6
0.191557 198 146 6
0.191775 197 147 6
0.192448 196 148 6
0.192631 195 149 6
0.192835 194 150 6
0.193224 193 151 6
0.194424 192 152 6
0.194461 191 153 6
0.194497 190 154 6
0.194829 189 155 6
0.194984 188 156 6
0.195064 187 157 6
0.196024 186 158 6
0.196367 185 159 6
0.196483 184 160 6
0.196567 183 161 6
0.196579 182 162 6
0.196803 181 163 6
0.196931 180 164 6
0.196955 179 165 6
0.197176 178 166 6
0.197449 177 167 6
0.197484 176 168 6
0.197807 175 169 6
0.197876 174 170 6
0.197889 173 171 6
0.198594 172 172 6
0.198968 171 173 6
0.200149 170 174 6
0.201452 169 175 6
0.201632 168 176 6
0.201635 167 177 6
0.201915 166 178 6
0.201922 165 179 6
0.201994 164 180 6
0.202009 163 181 6
0.202850 162 182 6
0.202925 161 183 6
0.203064 160 184 6
0.203247 159 185 6
0.203288 158 186 6
0.203857 157 187 6
0.204199 156 188 6
0.204211 155 189 6
0.204215 154 190 6
0.205445 153 191 6
0.205879 152 192 6
0.205908 151 193 6
0.206443 150 194 6
0.207111 149 195 6
0.207467 148 196 6
0.207558 147 197 6
0.207760 146 198 6
0.208129 145 199 6
0.208142 144 200 6
0.208163 143 201 6
0.208277 142 202 6
0.208278 141 203 6
0.208556 140 204 6
0.208903 139 205 6
0.208944 138 206 6
0.208955 137 207 6
0.209062 136 208 6
0.209484 135 209 6
0.210264 134 210 6
0.210537 133 211 6
0.210667 132 212 6
0.211129 131 213 6
0.211145 130 214 6
0.211316 129 215 6
0.211529 129 214 7
0.211629 129 213 8
0.211808 128 214 8
0.212578 127 215 8
0.213090 126 216 8
0.213252 125 217 8
0.215210 124 218 8
0.215231 123 219 8
0.215315 122 220 8
0.215417 121 221 8
0.215816 120 222 8
0.216467 119 223 8
0.216606 118 224 8
0.216640 117 225 8
0.217261 116 226 8
0.217859 115 227 8
0.218191 114 228 8
0.218317 113 229 8
0.218630 112 230 8
0.218975 111 231 8
0.220301 110 232 8
0.220443 109 233 8
0.220644 108 234 8
0.221172 107 235 8
0.221274 106 236 8
0.222119 105 237 8
0.222665 104 238 8
0.222809 103 239 8
0.222905 102 240 8
0.223312 101 241 8
0.223412 100 242 8
0.223496 99 243 8
0.224373 98 244 8
0.224583 98 243 9
0.224760 97 244 9
0.224882 96 245 9
0.224925 95 246 9
0.225265 94 247 9
0.225501 93 248 9
0.225745 92 249 9
0.226244 91 250 9
0.226324 90 251 9
0.227279 89 252 9
0.227527 88 253 9
0.227606 87 254 9
0.227979 86 255 9
0.228074 85 256 9
0.228311 84 257 9
0.228928 83 258 9
0.228965 82 259 9
0.229142 81 260 9
0.229231 80 261 9
0.229338 79 262 9
0.229625 78 263 9
0.230585 77 264 9
0.231505 76 265 9
0.231667 75 266 9
0.231821 74 267 9
0.231965 73 268 9
0.232305 72 269 9
0.233148 71 270 9
0.233925 70 271 9
0.234213 69 272 9
0.234877 68 273 9
0.234877 67 274 9
0.235042 66 275 9
0.235792 65 276 9
0.236126 64 277 9
0.236134 63 278 9
0.236166 62 279 9
0.236210 61 280 9
0.237989 61 279 10
0.238097 60 280 10
0.238316 59 281 10
0.238356 58 282 10
0.238606 57 283 10
0.238633 56 284 10
0.238668 55 285 10
0.238699 54 286 10
0.238886 53 287 10
0.241289 52 288 10
0.241309 51 289 10
0.241668 50 290 10
0.244398 49 291 10
0.244420 48 292 10
0.244575 47 293 10
0.244615 46 294 10
0.244625 45 295 10
0.245699 44 296 10
0.248354 43 297 10
0.248449 42 298 10
0.248702 41 299 10
0.249409 40 300 10
0.250696 39 301 10
0.252928 38 302 10
0.253120 37 303 10
0.253144 36 304 10
0.253476 35 305 10
0.253593 34 306 10
0.255717 33 307 10
0.256088 33 306 11
0.256576 32 307 11
0.258049 31 308 11
0.259627 30 309 11
0.260733 29 310 11
0.262582 28 311 11
0.263031 27 312 11
0.263440 26 313 11
0.264238 25 314 11
0.267521 25 313 12
0.267740 24 314 12
0.267802 23 315 12
0.270114 22 316 12
0.270200 21 317 12
0.271446 20 318 12
0.272763 19 319 12
0.273442 18 320 12
0.276998 17 321 12
0.278265 16 322 12
0.280384 15 323 12
0.281330 15 322 13
0.282934 14 323 13
0.285642 13 324 13
0.287346 12 325 13
0.288401 11 326 13
0.292049 11 325 14
0.294661 10 326 14
0.296002 9 327 14
0.304613 9 326 15
0.306975 9 325 16
0.313532 9 324 17
0.314510 8 325 17
0.315854 8 324 18
0.317737 7 325 18
0.318580 6 326 18
0.318961 6 325 19
0.320477 6 324 20
0.323463 6 323 21
0.329821 6 322 22
0.330880 5 323 22
0.336306 4 324 22
0.342329 4 323 23
0.345915 4 322 24
0.347213 4 321 25
0.352287 3 322 25
0.359146 3 321 26
0.363331 3 320 27
0.364052 2 321 27
0.366088 2 320 28
0.370770 1 321 28
0.374433 0 322 28
0.379341 0 321 29
0.385675 0 320 30
0.387532 0 319 31
0.390574 0 318 32
0.396326 0 317 33
0.397492 0 316 34
0.418685 0 315 35
0.421560 0 314 36
0.424605 0 313 37
0.425689 0 312 38
0.448579 0 311 39
0.459408 0 310 40
0.461815 0 309 41
0.463251 0 308 42
0.463939 0 307 43
0.469085 0 306 44
0.470312 0 305 45
0.478966 0 304 46
0.483918 0 303 47
0.486556 0 302 48
0.487161 0 301 49
0.489474 0 300 50
0.495153 0 299 51
0.506372 0 298 52
0.519761 0 297 53
0.520099 0 296 54
0.521712 0 295 55
0.529816 0 294 56
0.538285 0 293 57
0.538775 0 292 58
0.539654 0 291 59
0.542166 0 290 60
0.546146 0 289 61
0.551752 0 288 62
0.573782 0 287 63
0.578605 0 286 64
0.585873 0 285 65
0.589131 0 284 66
0.607185 0 283 67
0.610982 0 282 68
0.623686 0 281 69
0.632003 0 280 70
0.655068 0 279 71
0.655942 0 278 72
0.665934 0 277 73
0.666037 0 276 74
0.670553 0 275 75
0.673743 0 274 76
0.681354 0 273 77
0.684528 0 272 78
0.685044 0 271 79
0.689292 0 270 80
0.704306 0 269 81
0.706395 0 268 82
0.714389 0 267 83
0.722105 0 266 84
0.724009 0 265 85
0.731100 0 264 86
0.745532 0 263 87
0.748652 0 262 88
0.749984 0 261 89
0.767771 0 260 90
0.773904 0 259 91
0.789573 0 258 92
0.791901 0 257 93
0.792294 0 256 94
0.805831 0 255 95
0.818168 0 254 96
0.829211 0 253 97
0.856219 0 252 98
0.859457 0 251 99
0.868451 0 250 100
0.878216 0 249 101
0.894994 0 248 102
0.899461 0 247 103
0.923115 0 246 104
0.931020 0 245 105
0.931520 0 244 106
0.937109 0 243 107
0.950950 0 242 108
0.954853 0 241 109
0.954996 0 240 110
0.964490 0 239 111
0.972936 0 238 112
0.987896 0 237 113
0.992636 0 236 114
0.998737 0 235 115
1.001111 0 234 116
1.028957 0 233 117
1.029545 0 232 118
1.037735 0 231 119
1.064680 0 230 120
1.071793 0 229 121
1.090411 0 228 122
1.090639 0 227 123
1.095236 0 226 124
1.101943 0 225 125
1.103407 0 224 126
1.105263 0 223 127
1.126541 0 222 128
1.128079 0 221 129
1.142754 0 220 130
1.147446 0 219 131
1.167640 0 218 132
1.173971 0 217 133
1.174833 0 216 134
1.176443 0 215 135
1.190160 0 214 136
1.195479 0 213 137
1.205449 0 212 138
1.207988 0 211 139
1.208477 0 210 140
1.208810 0 209 141
1.213373 0 208 142
1.220799 0 207 143
1.226030 0 206 144
1.226671 0 205 145
1.235324 0 204 146
1.240169 0 203 147
1.249413 0 202 148
1.249463 0 201 149
1.255700 0 200 150
1.273081 0 199 151
1.305317 0 198 152
1.314930 0 197 153
1.321110 0 196 154
1.325934 0 195 155
1.334774 0 194 156
1.346106 0 193 157
1.357426 0 192 158
1.368454 0 191 159
1.369006 0 190 160
1.369132 0 189 161
1.369791 0 188 162
1.376656 0 187 163
1.389777 0 186 164
1.403066 0 185 165
1.409894 0 184 166
1.428292 0 183 167
1.441533 0 182 168
1.457275 0 181 169
1.475096 0 180 170
1.476406 0 179 171
1.490901 0 178 172
1.492029 0 177 173
1.493946 0 176 174
1.511434 0 175 175
1.512111 0 174 176
1.548882 0 173 177
1.554124 0 172 178
1.587920 0 171 179
1.596038 0 170 180
1.662168 0 169 181
1.663559 0 168 182
1.666082 0 167 183
1.693179 0 166 184
1.693582 0 165 185
1.695295 0 164 186
1.729464 0 163 187
1.736109 0 162 188
1.753569 0 161 189
1.754153 0 160 190
1.792779 0 159 191
1.796419 0 158 192
1.799961 0 157 193
1.807618 0 156 194
1.827141 0 155 195
1.827651 0 154 196
1.827790 0 153 197
1.828172 0 152 198
1.838259 0 151 199
1.865677 0 150 200
1.866190 0 149 201
1.885136 0 148 202
1.907325 0 147 203
1.912115 0 146 204
1.927980 0 145 205
1.969734 0 144 206
1.975489 0 143 207
1.980694 0 142 208
1.981176 0 141 209
1.985588 0 140 210
1.998715 0 139 211
2.008270 0 138 212
2.019912 0 137 213
2.025247 0 136 214
2.060790 0 135 215
2.086042 0 134 216
2.087631 0 133 217
2.093855 0 132 218
2.100910 0 131 219
2.121610 0 130 220
2.136070 0 129 221
2.141543 0 128 222
2.180827 0 127 223
2.211652 0 126 224
2.230437 0 125 225
2.241980 0 124 226
2.265242 0 123 227
2.275651 0 122 228
2.285882 0 121 229
2.307795 0 120 230
2.326906 0 119 231
2.338800 0 118 232
2.339297 0 117 233
2.340749 0 116 234
2.348755 0 115 235
2.380355 0 114 236
2.396464 0 113 237
2.459897 0 112 238
2.492859 0 111 239
2.544692 0 110 240
2.551012 0 109 241
2.626464 0 108 242
2.635860 0 107 243
2.661903 0 106 244
2.675392 0 105 245
2.688525 0 104 246
2.693478 0 103 247
2.716129 0 102 248
2.720293 0 101 249
2.724306 0 100 250
2.740757 0 99 251
2.743195 0 98 252
2.760130 0 97 253
2.809746 0 96 254
2.833468 0 95 255
2.845094 0 94 256
2.864891 0 93 257
2.867651 0 92 258
2.868578 0 91 259
2.896289 0 90 260
2.928984 0 89 261
2.954061 0 88 262
2.961275 0 87 263
2.973117 0 86 264
2.993529 0 85 265
3.008663 0 84 266
3.040717 0 83 267
3.043481 0 82 268
3.053408 0 81 269
3.069975 0 80 270
3.087543 0 79 271
3.138253 0 78 272
3.138984 0 77 273
3.155750 0 76 274
3.174730 0 75 275
3.177026 0 74 276
3.197719 0 73 277
3.213513 0 72 278
3.225305 0 71 279
3.228656 0 70 280
3.229605 0 69 281
3.241042 0 68 282
3.372793 0 67 283
3.380133 0 66 284
3.416635 0 65 285
3.419588 0 64 286
3.445665 0 63 287
3.480298 0 62 288
3.486763 0 61 289
3.490485 0 60 290
3.495384 0 59 291
3.496853 0 58 292
3.579263 0 57 293
3.590220 0 56 294
3.642693 0 55 295
3.644715 0 54 296
3.776728 0 53 297
3.867833 0 52 298
3.871789 0 51 299
3.935007 0 50 300
3.948366 0 49 301
4.043763 0 48 302
4.090537 0 47 303
4.115492 0 46 304
4.133742 0 45 305
4.290106 0 44 306
4.303931 0 43 307
4.333237 0 42 308
4.370358 0 41 309
4.372315 0 40 310
4.403943 0 39 311
4.473177 0 38 312
4.482287 0 37 313
4.504095 0 36 314
4.530655 0 35 315
4.551322 0 34 316
4.560887 0 33 317
4.692502 0 32 318
4.714224 0 31 319
4.841452 0 30 320
4.936578 0 29 321
4.953704 0 28 322
5.019208 0 27 323
5.037298 0 26 324
5.105126 0 25 325
5.241968 0 24 326
5.322744 0 23 327
5.536898 0 22 328
5.540199 0 21 329
5.560784 0 20 330
5.644669 0 19 331
5.827088 0 18 332
5.847979 0 17 333
6.017201 0 16 334
6.279987 0 15 335
6.325400 0 14 336
6.350138 0 13 337
6.905681 0 12 338
6.950495 0 11 339
7.169316 0 10 340
7.310530 0 9 341
7.540779 0 8 342
8.261731 0 7 343
8.379055 0 6 344
8.895928 0 5 345
9.733133 0 4 346
11.372430 0 3 347
14.689514 0 2 348
14.719192 0 1 349
17.725495 0 0 350